0
0
0
0
0
0
0
0
0
0
0
0
1
0
0
0
0
1
0
1
0
0
0
0
0
0
0
1
0
1
0
0
1
1
3
0
3
2
0
1
2
2
2
1
0
1
3
0
1
1
1
0
1
2
3
1
2
2
1
0
1
0
3
5
4
0
4
2
3
2
5
2
0
2
4
2
4
3
2
1
2
2
3
1
3
5
1
2
3
2
1
2
2
6
7
2
6
5
4
3
3
6
2
4
5
5
7
7
5
9
7
11
8
2
5
9
7
4
3
8
4
7
9
5
7
7
3
6
10
4
7
6
7
6
8
5
6
8
5
13
7
4
7
6
8
6
6
12
6
11
14
16
12
12
6
10
16
7
10
6
10
7
14
16
5
5
11
14
9
4
8
13
9
5
6
10
13
9
11
11
9
12
5
9
10
14
9
10
9
10
14
5
7
8
9
9
12
7
8
15
13
19
18
14
11
11
12
5
15
14
17
17
11
13
14
11
14
14
13
14
9
9
17
14
9
21
10
19
22
11
11
14
16
19
19
18
14
14
21
15
21
17
14
15
16
13
12
14
13
15
19
18
21
21
14
23
15
16
14
13
15
20
18
16
15
18
15
20
14
14
22
19
26
11
18
21
14
20
22
16
16
25
13
18
18
15
20
16
23
27
14
12
18
16
19
18
22
16
18
19
22
17
25
15
11
18
24
14
18
22
19
19
13
16
19
16
21
16
14
21
14
18
16
17
16
15
15
22
20
19
15
18
22
17
18
12
18
16
29
22
21
29
12
13
21
11
8
13
29
17
17
16
16
19
21
25
19
23
22
23
20
18
17
23
20
20
13
20
17
19
20
21
20
15
23
25
21
17
17
25
20
16
17
22
17
20
21
25
16
26
14
16
24
32
21
23
20
23
18
22
25
31
13
19
16
20
18
16
16
19
28
20
16
24
13
20
18
27
15
19
17
22
21
25
17
14
14
23
23
15
15
21
20
17
28
17
24
31
14
22
17
25
22
19
20
20
24
18
16
19
20
20
22
15
20
26
25
21
22
15
19
18
14
17
18
25
19
23
24
21
21
30
20
22
19
15
20
24
20
20
17
20
19
29
19
14
29
20
25
18
11
13
28
25
20
16
13
26
17
20
24
22
17
17
13
16
14
21
22
15
13
20
19
20
22
15
15
11
27
17
12
20
20
19
22
20
14
15
21
24
13
11
21
14
17
10
23
12
19
14
27
17
20
18
17
13
18
15
16
17
17
21
13
26
19
12
23
13
14
11
19
9
18
10
11
11
19
17
16
15
18
11
18
20
13
10
15
22
17
12
9
17
13
19
19
14
14
15
13
19
14
11
11
12
19
14
14
21
17
20
9
17
8
12
11
15
15
15
13
10
12
18
12
12
8
7
18
7
11
11
12
14
11
11
15
15
19
11
13
13
10
13
16
16
12
14
13
14
11
16
7
13
14
14
10
9
11
9
11
11
8
9
7
11
9
10
10
11
15
10
12
17
12
13
12
11
8
5
9
17
8
12
11
11
10
9
7
6
7
9
5
9
10
11
1
10
11
19
10
8
11
8
6
17
8
11
4
9
7
8
2
7
16
8
7
6
4
9
10
5
10
10
4
5
10
7
6
7
7
7
8
9
6
5
6
8
8
5
11
4
7
9
3
4
7
11
10
1
7
6
10
6
2
3
3
6
8
3
7
6
5
7
6
9
7
5
5
4
4
5
2
4
4
5
3
3
4
5
5
3
5
2
8
7
4
5
2
1
1
5
4
2
2
3
3
6
5
4
4
2
5
6
4
2
7
2
5
7
7
3
8
3
4
1
3
2
4
1
2
2
1
0
6
2
3
1
0
4
4
1
3
2
5
0
1
5
1
1
1
1
1
3
2
5
3
1
3
2
1
2
5
2
3
4
2
0
6
1
0
1
0
4
1
2
2
2
1
2
0
1
2
2
3
3
2
1
1
1
2
3
2
0
3
1
3
3
1
1
0
1
2
2
3
3
0
0
1
2
0
1
0
0
1
1
1
1
1
0
0
0
0
0
1
0
0
0
2
3
0
0
0
0
1
0
1
0
0
1
0
0
0
0
0
0
0
0
0
0
0
0
0
0
0
1
0
0
0
0
0
0
0
0
0
0
0
2
0
0
0
0
0
0
0
0
0
0
0
0
0
0
0
0
0
0
0
0
0
0
0
0
0
0
0
0
0
0
0
0
0
0
0
0
0
0
0
0
0
0
0
0
0
0
0
0
0
0
0
0
0
