0
0
0
0
0
0
0
0
0
0
0
0
0
0
0
0
0
0
0
0
0
0
0
0
0
0
0
0
0
0
0
0
0
0
0
0
0
0
0
0
0
0
0
0
0
0
0
0
0
0
0
0
0
0
0
0
0
0
0
0
0
0
0
0
0
0
0
0
0
0
0
0
0
1
0
0
0
0
0
0
0
0
0
0
0
0
0
0
0
0
0
0
1
0
0
0
0
0
0
0
0
0
0
0
0
0
0
0
2
0
0
0
0
0
0
0
0
2
14
2
0
0
0
0
0
0
0
8
1
0
0
0
0
0
0
0
0
0
0
0
0
0
0
0
0
0
0
0
0
0
0
0
3
5
0
0
0
0
0
0
0
2
26
27
11
5
1
0
0
0
1
0
3
4
0
0
0
0
0
3
0
0
2
0
0
0
0
0
0
0
0
0
0
0
0
0
0
5
6
0
0
0
0
0
0
0
0
21
37
20
11
3
0
0
0
1
4
33
33
15
5
0
0
0
5
5
9
11
5
0
0
0
0
7
1
0
0
0
0
0
0
0
16
38
18
5
0
0
0
0
0
5
51
77
31
12
9
6
3
0
5
8
41
40
13
4
1
0
0
3
7
8
12
7
0
0
0
0
8
0
0
0
0
0
0
0
0
24
59
25
6
2
0
0
0
0
0
52
82
40
16
9
6
3
0
11
9
49
60
28
11
5
1
0
3
3
7
18
8
0
0
0
0
4
0
0
0
0
0
0
0
0
24
40
9
0
0
0
0
0
0
6
59
107
60
33
20
11
3
0
2
14
56
59
32
21
13
9
6
13
20
20
44
26
10
2
0
0
6
0
0
0
0
0
0
0
0
29
68
32
18
12
7
4
1
0
6
64
105
59
31
19
10
3
0
8
20
63
73
38
18
5
0
0
7
8
9
27
16
2
0
0
0
7
0
0
0
0
0
0
0
0
38
60
31
16
6
1
0
0
0
6
71
111
63
30
14
5
0
0
8
8
57
66
35
18
11
5
2
9
16
20
35
21
10
5
2
0
5
0
0
0
0
0
0
0
0
43
75
40
25
17
11
5
1
0
9
70
122
79
46
27
14
6
3
13
18
68
71
46
27
17
8
2
3
10
19
20
14
9
6
3
0
6
0
0
0
0
0
0
0
0
26
42
15
5
0
0
0
0
0
9
67
104
62
35
23
14
5
0
1
5
45
42
19
9
3
0
0
9
5
13
19
8
0
0
0
0
4
0
0
0
0
0
0
0
0
25
33
5
0
0
0
0
0
0
3
47
68
31
14
8
4
1
0
1
9
51
42
21
10
4
1
0
0
1
2
5
4
0
0
0
0
2
0
0
0
0
0
0
0
0
11
15
2
0
0
0
0
0
0
4
44
52
19
6
1
0
0
0
3
2
18
15
0
0
0
0
0
3
1
4
14
7
0
0
0
0
2
0
0
0
0
0
0
0
0
8
16
4
1
0
0
0
0
0
0
23
33
15
5
2
0
0
0
0
0
9
16
3
0
0
0
0
2
3
0
1
0
0
0
0
0
0
0
0
0
0
0
0
0
0
6
8
0
0
0
0
0
0
0
4
20
13
0
0
0
0
0
0
0
0
3
3
0
0
0
0
0
0
0
0
0
0
0
0
0
0
0
0
0
0
0
0
0
0
0
2
2
0
0
0
0
0
0
0
0
8
4
0
0
0
0
0
0
1
0
3
1
0
0
0
0
0
0
0
0
0
0
0
0
0
0
0
0
0
0
0
0
0
0
0
0
0
0
0
0
0
0
0
0
0
0
1
0
0
0
0
0
0
0
0
0
0
0
0
0
0
0
0
0
0
0
0
0
0
0
0
0
0
0
0
0
0
0
0
0
0
0
0
0
0
0
0
0
0
0
0
0
0
0
0
0
0
0
0
0
0
0
0
0
0
0
0
0
0
0
0
0
0
0
0
0
0
0
0
0
0
0
0
0
0
0
0
0
0
0
0
0
0
0
0
0
0
0
0
0
0
0
0
0
0
0
0
0
0
0
0
0
0
0
0
0
0
0
0
0
0
0
0
0
0
0
0
0
0
0
0
0
0
0
0
0
0
0
0
0
0
0
0
0
0
0
0
0
0
0
0
0
0
0
0
0
0
0
