0
0
0
0
0
0
0
0
0
0
0
0
0
0
0
0
0
0
1
1
1
1
1
1
1
1
2
3
5
5
5
5
5
5
5
9
12
15
16
16
16
16
16
16
19
24
25
28
29
29
29
29
29
33
33
33
33
33
33
33
33
33
39
47
47
47
47
47
47
47
47
50
58
74
75
75
75
75
75
75
80
85
93
102
102
102
102
102
102
104
108
113
125
133
133
133
133
133
138
138
138
138
138
138
138
138
138
157
180
182
182
182
182
182
182
182
188
214
241
253
255
255
255
255
255
267
278
306
331
332
332
332
332
332
343
356
370
390
403
403
403
403
403
418
418
418
418
418
418
418
418
418
448
479
484
484
484
484
484
484
484
506
548
596
612
618
622
623
623
623
649
668
693
717
721
721
721
721
721
740
764
780
808
820
820
820
820
820
844
844
844
844
844
844
844
844
844
879
917
923
923
923
923
923
923
923
942
988
1031
1048
1057
1065
1068
1068
1068
1092
1116
1161
1203
1221
1231
1236
1236
1236
1261
1288
1317
1355
1372
1377
1377
1377
1377
1400
1406
1407
1407
1407
1407
1407
1407
1407
1453
1498
1518
1531
1536
1536
1536
1536
1536
1565
1618
1672
1718
1737
1740
1743
1746
1749
1780
1809
1860
1906
1933
1942
1945
1946
1946
1980
2015
2054
2093
2116
2123
2123
2123
2123
2152
2160
2160
2160
2160
2160
2160
2160
2160
2207
2259
2293
2312
2316
2318
2318
2318
2318
2350
2404
2457
2499
2523
2530
2533
2536
2539
2577
2608
2659
2705
2737
2754
2760
2764
2765
2797
2831
2859
2900
2931
2939
2939
2939
2939
2965
2969
2969
2969
2969
2969
2969
2969
2969
3014
3062
3093
3102
3102
3102
3102
3102
3102
3137
3188
3242
3289
3316
3329
3338
3346
3349
3376
3409
3459
3502
3529
3540
3548
3552
3555
3587
3621
3660
3707
3745
3761
3769
3771
3771
3804
3810
3810
3810
3810
3810
3810
3810
3810
3854
3906
3942
3956
3962
3967
3970
3973
3974
4015
4068
4121
4167
4195
4207
4216
4223
4226
4262
4305
4353
4404
4439
4459
4472
4477
4477
4521
4551
4585
4624
4654
4668
4670
4670
4670
4704
4711
4711
4711
4711
4711
4711
4711
4711
4757
4803
4832
4847
4857
4862
4863
4863
4863
4900
4954
5007
5055
5088
5104
5113
5118
5118
5166
5202
5255
5307
5338
5355
5362
5368
5371
5408
5439
5473
5512
5546
5557
5562
5565
5567
5603
5608
5608
5608
5608
5608
5608
5608
5608
5651
5704
5739
5754
5762
5768
5774
5778
5779
5816
5870
5923
5966
5999
6018
6031
6039
6042
6080
6124
6175
6224
6249
6268
6278
6287
6293
6321
6355
6397
6444
6470
6475
6478
6481
6484
6515
6521
6521
6521
6521
6521
6521
6521
6521
6568
6618
6645
6655
6660
6660
6660
6660
6660
6698
6749
6802
6844
6871
6883
6892
6901
6906
6931
6969
7018
7065
7088
7098
7104
7107
7107
7148
7181
7212
7248
7276
7284
7284
7284
7284
7310
7314
7314
7314
7314
7314
7314
7314
7314
7357
7408
7436
7441
7441
7441
7441
7441
7441
7465
7519
7572
7609
7626
7632
7636
7639
7640
7672
7706
7749
7791
7812
7823
7829
7832
7833
7864
7890
7923
7961
7981
7985
7985
7985
7985
8016
8018
8018
8018
8018
8018
8018
8018
8018
8064
8105
8118
8120
8120
8120
8120
8120
8120
8141
8188
8240
8273
8286
8291
8292
8292
8292
8310
8333
8379
8427
8442
8442
8442
8442
8442
8468
8494
8520
8554
8573
8580
8580
8580
8580
8608
8610
8610
8610
8610
8610
8610
8610
8610
8643
8682
8694
8697
8698
8698
8698
8698
8698
8720
8765
8807
8825
8835
8838
8840
8840
8840
8860
8878
8919
8957
8970
8973
8973
8973
8973
8992
9009
9029
9053
9063
9063
9063
9063
9063
9069
9069
9069
9069
9069
9069
9069
9069
9069
9107
9145
9153
9153
9153
9153
9153
9153
9153
9172
9221
9257
9270
9270
9270
9270
9270
9270
9289
9303
9332
9356
9359
9359
9359
9359
9359
9373
9389
9402
9421
9427
9427
9427
9427
9427
9439
9439
9439
9439
9439
9439
9439
9439
9439
9466
9497
9499
9499
9499
9499
9499
9499
9499
9505
9541
9568
9572
9572
9572
9572
9572
9572
9582
9596
9619
9638
9639
9639
9639
9639
9639
9646
9654
9664
9674
9677
9677
9677
9677
9677
9686
9686
9686
9686
9686
9686
9686
9686
9686
9701
9718
9718
9718
9718
9718
9718
9718
9718
9726
9746
9765
9766
9766
9766
9766
9766
9766
9776
9787
9803
9819
9819
9819
9819
9819
9819
9824
9825
9833
9839
9842
9842
9842
9842
9842
9844
9844
9844
9844
9844
9844
9844
9844
9844
9849
9861
9861
9861
9861
9861
9861
9861
9861
9868
9883
9890
9890
9890
9890
9890
9890
9890
9899
9904
9916
9919
9919
9919
9919
9919
9919
9925
9927
9931
9933
9934
9934
9934
9934
9934
9938
9938
9938
9938
9938
9938
9938
9938
9938
9945
9954
9954
9954
9954
9954
9954
9954
9954
9957
9968
9976
9976
9976
9976
9976
9976
9976
9978
9979
9984
9986
9986
9986
9986
9986
9986
9987
9987
9988
9989
9989
9989
9989
9989
9989
9989
9989
9989
9989
9989
9989
9989
9989
9989
9992
9995
9995
9995
9995
9995
9995
9995
9995
9995
9996
9997
9997
9997
9997
9997
9997
9997
9997
9998
9998
9998
9998
9998
9998
9998
9998
10000
10000
10000
10000
10000
10000
10000
10000
10000
10000
10000
10000
10000
10000
10000
10000
10000
10000
10000
10000
10000
10000
10000
10000
10000
10000
10000
10000
10000
10000
10000
10000
10000
10000
10000
10000
10000
10000
10000
10000
10000
10000
10000
10000
10000
10000
10000
10000
10000
10000
10000
10000
10000
10000
10000
10000
10000
10000
10000
10000
10000
10000
10000
10000
10000
10000
10000
10000
10000
10000
10000
10000
10000
10000
10000
10000
10000
10000
10000
10000
10000
10000
10000
10000
10000
10000
10000
10000
10000
10000
10000
10000
10000
10000
10000
10000
10000
10000
10000
10000
10000
10000
10000
10000
10000
10000
10000
10000
10000
10000
10000
10000
10000
10000
10000
10000
10000
10000
10000
10000
10000
10000
10000
10000
10000
10000
10000
10000
10000
10000
10000
10000
10000
10000
10000
10000
10000
10000
10000
10000
10000
10000
10000
10000
10000
10000
10000
10000
10000
10000
10000
10000
10000
10000
10000
10000
10000
10000
10000
10000
10000
10000
10000
10000
10000
10000
10000
10000
10000
10000
10000
10000
10000
10000
10000
10000
10000
10000
10000
10000
10000
10000
10000
10000
10000
10000
10000
10000
10000
10000
10000
10000
10000
10000
10000
10000
10000
10000
10000
10000
10000
10000
10000
10000
10000
10000
10000
10000
10000
10000
10000
10000
10000
10000
10000
10000
10000
10000
10000
10000
10000
10000
10000
10000
10000
10000
10000
10000
10000
10000
10000
10000
10000
10000
10000
10000
10000
10000
10000
10000
10000
10000
10000
10000
10000
10000
10000
10000
10000
10000
10000
10000
10000
10000
10000
10000
10000
10000
10000
10000
10000
10000
10000
10000
10000
10000
10000
10000
10000
10000
10000
10000
10000
10000
10000
10000
10000
10000
10000
10000
10000
10000
10000
10000
10000
10000
10000
10000
10000
10000
10000
10000
10000
10000
10000
10000
10000
10000
10000
10000
10000
10000
10000
10000
10000
10000
10000
10000
10000
10000
10000
10000
10000
10000
10000
10000
10000
10000
10000
10000
10000
10000
10000
10000
10000
10000
10000
10000
10000
10000
10000
10000
10000
10000
10000
10000
10000
10000
10000
10000
10000
10000
10000
10000
10000
10000
10000
10000
10000
10000
10000
10000
10000
10000
10000
10000
10000
10000
10000
10000
10000
10000
10000
10000
10000
10000
10000
10000
10000
10000
10000
10000
10000
10000
10000
10000
10000
10000
10000
10000
10000
10000
10000
10000
10000
10000
10000
10000
10000
10000
10000
10000
10000
10000
10000
10000
10000
10000
10000
10000
10000
10000
10000
10000
10000
10000
10000
10000
10000
10000
10000
10000
10000
10000
10000
10000
10000
10000
10000
10000
10000
10000
10000
10000
10000
10000
10000
10000
10000
10000
10000
10000
10000
10000
10000
10000
10000
10000
10000
10000
10000
10000
10000
10000
10000
10000
10000
10000
10000
10000
10000
10000
10000
10000
10000
10000
10000
10000
10000
10000
10000
10000
10000
10000
10000
10000
10000
10000
10000
10000
10000
10000
10000
10000
10000
10000
10000
10000
10000
10000
10000
10000
10000
10000
10000
10000
10000
10000
10000
10000
10000
10000
10000
10000
10000
10000
10000
10000
10000
10000
10000
10000
10000
10000
10000
10000
10000
10000
10000
10000
10000
10000
10000
10000
10000
10000
10000
10000
10000
10000
10000
10000
10000
10000
10000
10000
10000
10000
10000
10000
10000
10000
10000
10000
10000
10000
10000
10000
10000
10000
10000
10000
10000
10000
10000
10000
10000
10000
10000
10000
10000
10000
10000
10000
10000
10000
10000
10000
10000
10000
10000
10000
10000
10000
10000
10000
10000
10000
10000
10000
10000
10000
10000
10000
10000
10000
10000
10000
10000
10000
10000
10000
10000
10000
10000
10000
10000
10000
10000
10000
10000
10000
10000
10000
10000
10000
10000
10000
10000
10000
10000
10000
10000
10000
10000
10000
10000
10000
10000
10000
10000
10000
10000
10000
10000
10000
10000
10000
10000
10000
10000
10000
10000
10000
10000
10000
10000
10000
10000
10000
10000
10000
10000
10000
10000
10000
10000
10000
10000
10000
10000
10000
10000
10000
10000
10000
10000
10000
10000
10000
10000
10000
10000
10000
10000
10000
10000
10000
10000
10000
10000
10000
10000
10000
10000
10000
10000
10000
10000
10000
10000
10000
10000
10000
10000
10000
10000
10000
10000
10000
10000
10000
10000
10000
10000
10000
10000
10000
10000
10000
10000
10000
10000
10000
10000
10000
10000
10000
10000
10000
10000
10000
10000
10000
10000
10000
10000
10000
10000
10000
10000
10000
10000
10000
10000
10000
10000
10000
10000
10000
10000
10000
10000
10000
10000
10000
10000
10000
10000
10000
10000
10000
10000
10000
10000
10000
10000
10000
10000
10000
10000
10000
10000
10000
10000
10000
10000
10000
10000
10000
10000
10000
10000
10000
10000
10000
10000
10000
10000
10000
10000
10000
10000
10000
10000
10000
10000
10000
10000
10000
10000
10000
10000
10000
10000
10000
10000
10000
10000
10000
10000
10000
10000
10000
10000
10000
10000
10000
10000
10000
10000
10000
10000
10000
10000
10000
10000
10000
10000
10000
10000
10000
10000
10000
10000
10000
10000
10000
10000
10000
10000
10000
10000
10000
10000
10000
10000
10000
10000
10000
10000
10000
10000
10000
10000
10000
10000
10000
10000
10000
10000
10000
10000
10000
10000
10000
10000
10000
10000
10000
10000
10000
10000
10000
10000
10000
10000
10000
10000
10000
10000
10000
10000
10000
10000
10000
10000
10000
10000
10000
10000
10000
10000
10000
10000
10000
10000
10000
10000
10000
10000
10000
10000
10000
10000
10000
10000
10000
10000
10000
10000
10000
10000
10000
10000
10000
10000
10000
10000
10000
10000
10000
10000
10000
10000
10000
10000
10000
10000
10000
10000
10000
10000
10000
10000
10000
10000
10000
10000
10000
10000
10000
10000
10000
10000
10000
10000
10000
10000
10000
10000
10000
10000
10000
10000
10000
10000
10000
10000
10000
10000
10000
10000
10000
10000
10000
10000
10000
10000
10000
10000
10000
10000
10000
10000
10000
10000
10000
10000
10000
10000
10000
10000
10000
10000
10000
10000
10000
10000
10000
10000
10000
10000
10000
10000
10000
10000
10000
10000
10000
10000
10000
10000
10000
10000
10000
10000
10000
10000
10000
10000
10000
10000
10000
10000
10000
10000
10000
10000
10000
10000
10000
10000
10000
10000
10000
10000
10000
10000
10000
10000
10000
10000
10000
10000
10000
10000
10000
10000
10000
10000
10000
10000
10000
10000
10000
10000
10000
10000
10000
10000
10000
10000
10000
10000
10000
10000
10000
10000
10000
10000
10000
10000
10000
10000
10000
10000
10000
10000
10000
10000
10000
10000
10000
10000
10000
10000
10000
10000
10000
10000
10000
10000
10000
10000
10000
