0
0
0
0
0
0
0
0
0
0
0
0
0
0
0
0
0
0
0
1
0
0
0
0
0
0
0
1
1
2
0
0
0
0
0
0
4
3
3
1
0
0
0
0
0
3
5
1
3
1
0
0
0
0
4
0
0
0
0
0
0
0
0
6
8
0
0
0
0
0
0
0
3
8
16
1
0
0
0
0
0
5
5
8
9
0
0
0
0
0
2
4
5
12
8
0
0
0
0
5
0
0
0
0
0
0
0
0
19
23
2
0
0
0
0
0
0
6
26
27
12
2
0
0
0
0
12
11
28
25
1
0
0
0
0
11
13
14
20
13
0
0
0
0
15
0
0
0
0
0
0
0
0
30
31
5
0
0
0
0
0
0
22
42
48
16
6
4
1
0
0
26
19
25
24
4
0
0
0
0
19
24
16
28
12
0
0
0
0
24
0
0
0
0
0
0
0
0
35
38
6
0
0
0
0
0
0
19
46
43
17
9
8
3
0
0
24
24
45
42
18
10
5
0
0
25
27
29
38
17
5
0
0
0
23
6
1
0
0
0
0
0
0
46
45
20
13
5
0
0
0
0
29
53
54
46
19
3
3
3
3
31
29
51
46
27
9
3
1
0
34
35
39
39
23
7
0
0
0
29
8
0
0
0
0
0
0
0
47
52
34
19
4
2
0
0
0
32
54
53
42
24
7
3
3
3
38
31
51
46
32
17
6
4
1
32
34
28
41
31
8
0
0
0
26
4
0
0
0
0
0
0
0
45
48
31
9
0
0
0
0
0
35
51
54
47
27
13
9
8
3
27
33
50
43
27
11
8
4
3
32
34
39
47
38
16
8
2
0
33
6
0
0
0
0
0
0
0
44
52
36
14
6
5
3
3
1
41
53
53
46
28
12
9
7
3
36
43
48
51
35
20
13
5
0
44
30
34
39
30
14
2
0
0
34
7
0
0
0
0
0
0
0
46
46
29
15
10
5
1
0
0
37
54
53
48
33
16
9
5
0
48
36
53
52
31
17
7
6
3
37
31
34
39
34
11
5
3
2
36
5
0
0
0
0
0
0
0
43
53
35
15
8
6
6
4
1
37
54
53
43
33
19
13
8
3
38
44
51
49
25
19
10
9
6
28
34
42
47
26
5
3
3
3
31
6
0
0
0
0
0
0
0
47
50
27
10
5
0
0
0
0
38
51
53
42
27
12
9
9
5
25
38
49
47
23
10
6
3
0
41
33
31
36
28
8
0
0
0
26
4
0
0
0
0
0
0
0
43
51
28
5
0
0
0
0
0
24
54
53
37
17
6
4
3
1
32
34
43
42
21
11
6
3
1
31
26
33
38
20
4
0
0
0
31
2
0
0
0
0
0
0
0
46
41
13
2
0
0
0
0
0
21
47
52
33
13
5
1
0
0
18
23
46
48
15
0
0
0
0
26
26
26
34
19
7
0
0
0
28
2
0
0
0
0
0
0
0
33
39
12
3
1
0
0
0
0
22
45
42
18
10
3
2
0
0
20
18
41
38
13
3
0
0
0
19
17
20
24
10
0
0
0
0
6
0
0
0
0
0
0
0
0
38
38
8
0
0
0
0
0
0
19
49
36
13
0
0
0
0
0
19
14
29
24
3
0
0
0
0
14
16
13
19
6
0
0
0
0
12
0
0
0
0
0
0
0
0
27
31
2
0
0
0
0
0
0
6
36
27
4
0
0
0
0
0
10
14
23
19
1
0
0
0
0
7
8
10
10
3
0
0
0
0
9
0
0
0
0
0
0
0
0
15
17
0
0
0
0
0
0
0
8
20
19
1
0
0
0
0
0
10
11
16
16
0
0
0
0
0
5
1
8
6
3
0
0
0
0
2
0
0
0
0
0
0
0
0
5
12
0
0
0
0
0
0
0
7
15
7
0
0
0
0
0
0
9
5
12
3
0
0
0
0
0
6
2
4
2
1
0
0
0
0
4
0
0
0
0
0
0
0
0
7
9
0
0
0
0
0
0
0
3
11
8
0
0
0
0
0
0
2
1
5
2
0
0
0
0
0
1
0
1
1
0
0
0
0
0
0
0
0
0
0
0
0
0
0
3
3
0
0
0
0
0
0
0
0
1
1
0
0
0
0
0
0
0
1
0
0
0
0
0
0
0
2
0
0
0
0
0
0
0
0
0
0
0
0
0
0
0
0
0
0
0
0
0
0
0
0
0
0
0
0
0
0
0
0
0
0
0
0
0
0
0
0
0
0
0
0
0
0
0
0
0
0
0
0
0
0
0
0
0
0
0
0
0
0
0
0
0
0
0
0
0
0
0
0
0
0
0
0
0
0
0
0
0
0
0
0
0
0
0
0
0
0
0
0
0
0
0
0
0
0
0
0
0
0
0
0
0
0
0
0
0
0
0
0
0
0
0
0
0
0
0
0
0
0
0
0
0
0
0
0
0
0
0
0
0
0
0
0
0
0
0
0
0
0
0
0
0
0
0
0
0
0
0
0
0
0
0
0
0
0
0
0
0
0
0
0
0
0
0
0
0
0
0
0
0
0
0
0
0
0
0
0
0
0
0
0
0
0
0
0
0
0
0
0
0
0
0
0
0
0
0
0
0
0
0
0
0
0
0
0
0
0
0
0
0
0
0
0
0
0
0
0
0
0
0
0
0
0
0
0
0
0
0
0
0
0
0
0
0
0
0
0
0
0
0
0
0
0
0
0
0
0
0
0
0
0
0
0
0
0
0
0
0
0
0
0
0
0
0
0
0
0
0
0
0
0
0
0
0
0
0
0
0
0
0
0
0
0
0
0
0
0
0
0
0
0
0
0
0
0
0
0
0
0
0
0
0
0
0
0
0
0
0
0
0
0
0
0
0
0
0
0
0
0
0
0
0
0
0
0
0
0
0
0
0
0
0
0
0
0
0
0
0
0
0
0
0
0
0
0
0
0
0
0
0
0
0
0
0
0
0
0
0
0
0
0
0
0
0
0
0
0
0
0
0
0
0
0
0
0
0
0
0
0
0
0
0
0
0
0
0
0
0
0
0
0
0
0
0
0
0
0
0
0
0
0
0
0
0
0
0
0
0
0
0
0
0
0
0
0
0
0
0
0
0
0
0
0
0
0
0
0
0
0
0
0
0
0
0
0
0
0
0
0
0
0
0
0
0
0
0
0
0
0
0
0
0
0
0
0
0
0
0
0
0
0
0
0
0
0
0
0
0
0
0
0
0
0
0
0
0
0
0
0
0
0
0
0
0
0
0
0
0
0
0
0
0
0
0
0
0
0
0
0
0
0
0
0
0
0
0
0
0
0
0
0
0
0
0
0
0
0
0
0
0
0
0
0
0
0
0
0
0
0
0
0
0
0
0
0
0
0
0
0
0
0
0
0
0
0
0
0
0
0
0
0
0
0
0
0
0
0
0
0
0
0
0
0
0
0
0
0
0
0
0
0
0
0
0
0
0
0
0
0
0
0
0
0
0
0
0
0
0
0
0
0
0
0
0
0
0
0
0
0
0
0
0
0
0
0
0
0
0
0
0
0
0
0
0
0
0
0
0
0
0
0
0
0
0
0
0
0
0
0
0
0
0
0
0
0
0
0
0
0
0
0
0
0
0
0
0
0
0
0
0
0
0
0
0
0
0
0
0
0
0
0
0
0
0
0
0
0
0
0
0
0
0
0
0
0
0
0
0
0
0
0
0
0
0
0
0
0
0
0
0
0
0
0
0
0
0
0
0
0
0
0
0
0
0
0
0
0
0
0
0
0
0
0
0
0
0
0
0
0
0
0
0
0
0
0
0
0
0
0
0
0
0
0
0
0
0
0
0
0
0
0
0
0
0
0
0
0
0
0
0
0
0
0
0
0
0
0
0
0
0
0
0
0
0
0
0
0
0
0
0
0
0
0
0
0
0
0
0
0
0
0
0
0
0
0
0
0
0
0
0
0
0
0
0
0
0
0
0
0
0
0
0
0
0
0
0
0
0
0
0
0
0
0
0
0
0
0
0
0
0
0
0
0
0
0
0
0
0
0
0
0
0
0
0
0
0
0
0
0
0
0
0
0
0
0
0
0
0
0
0
0
0
0
0
0
0
0
0
0
0
0
0
0
0
0
0
0
0
0
0
0
0
0
0
0
0
0
0
0
0
0
0
0
0
0
0
0
0
0
0
0
0
0
0
0
0
0
0
0
0
0
0
0
0
0
0
0
0
0
0
0
0
0
0
0
0
0
0
0
0
0
0
0
0
0
0
0
0
0
0
0
0
0
0
0
0
0
0
0
0
0
0
0
0
0
0
0
0
0
0
0
0
0
0
0
0
0
0
0
0
0
0
0
0
0
0
0
0
0
0
0
0
0
0
0
0
0
0
0
0
0
0
0
0
0
0
0
0
0
0
0
0
0
0
0
0
0
0
0
0
0
0
0
0
0
0
0
0
0
0
0
0
0
0
0
0
0
0
0
0
0
0
0
0
0
0
0
0
0
0
0
0
0
0
0
0
0
0
0
0
0
0
0
0
0
0
0
0
0
0
0
0
