0
0
0
0
0
0
0
0
0
0
0
0
0
0
0
0
0
0
0
1
0
0
0
0
0
0
0
1
1
2
0
0
0
0
0
0
4
3
3
1
0
0
0
0
0
3
5
1
3
1
0
0
0
0
4
0
0
0
0
0
0
0
0
6
8
0
0
0
0
0
0
0
3
8
17
0
0
0
0
0
0
5
5
8
9
0
0
0
0
0
2
4
5
13
7
0
0
0
0
5
0
0
0
0
0
0
0
0
19
23
2
0
0
0
0
0
0
6
28
33
6
0
0
0
0
0
12
11
34
19
1
0
0
0
0
11
13
14
20
13
0
0
0
0
15
0
0
0
0
0
0
0
0
31
32
3
0
0
0
0
0
0
24
46
46
19
4
0
0
0
0
26
19
27
26
0
0
0
0
0
22
21
16
27
13
0
0
0
0
22
2
0
0
0
0
0
0
0
37
34
7
1
0
0
0
0
0
19
47
44
27
8
0
0
0
0
24
26
51
42
20
5
0
0
0
27
29
29
37
17
2
0
0
0
29
1
0
0
0
0
0
0
0
44
48
27
9
1
0
0
0
0
30
51
54
42
25
11
0
0
0
31
31
51
49
26
9
0
0
0
33
37
43
41
23
0
0
0
0
34
3
0
0
0
0
0
0
0
51
52
38
14
3
0
0
0
0
31
52
53
48
26
8
3
0
0
41
31
50
51
36
10
6
1
0
34
30
33
44
30
3
0
0
0
30
0
0
0
0
0
0
0
0
49
51
30
3
0
0
0
0
0
33
53
54
52
35
17
3
0
0
26
39
53
45
30
18
1
0
0
35
39
41
51
34
7
3
0
0
36
3
0
0
0
0
0
0
0
51
54
39
16
4
0
0
0
0
43
54
53
47
32
20
3
0
0
39
42
53
52
42
19
3
1
0
46
31
34
45
29
7
1
0
0
34
7
0
0
0
0
0
0
0
51
48
33
16
4
0
0
0
0
33
54
54
51
36
16
10
1
0
41
38
53
52
42
17
9
3
0
37
36
38
48
31
4
0
0
0
33
7
1
0
0
0
0
0
0
51
54
39
15
11
1
0
0
0
39
53
54
52
37
21
8
2
0
34
43
52
52
43
22
4
0
0
28
37
44
48
26
6
0
0
0
31
6
0
0
0
0
0
0
0
45
51
35
8
0
0
0
0
0
36
52
54
47
30
18
9
0
0
26
35
50
51
30
9
0
0
0
41
32
35
44
25
0
0
0
0
29
1
0
0
0
0
0
0
0
48
54
24
1
0
0
0
0
0
27
50
52
44
20
6
0
0
0
31
39
52
43
24
4
0
0
0
28
28
33
37
23
3
0
0
0
31
2
0
0
0
0
0
0
0
39
42
16
5
0
0
0
0
0
23
49
52
30
12
5
1
0
0
19
24
45
41
20
1
0
0
0
28
23
29
40
17
1
0
0
0
27
3
0
0
0
0
0
0
0
37
45
6
0
0
0
0
0
0
21
48
47
21
5
0
0
0
0
19
19
40
35
17
3
0
0
0
21
18
17
22
11
1
0
0
0
6
0
0
0
0
0
0
0
0
36
36
10
2
0
0
0
0
0
21
52
37
6
1
0
0
0
0
19
14
28
26
2
0
0
0
0
14
16
13
19
6
0
0
0
0
12
0
0
0
0
0
0
0
0
26
30
4
0
0
0
0
0
0
6
39
27
1
0
0
0
0
0
11
13
25
18
0
0
0
0
0
7
7
11
10
3
0
0
0
0
9
0
0
0
0
0
0
0
0
15
17
0
0
0
0
0
0
0
8
20
18
2
0
0
0
0
0
10
11
16
16
0
0
0
0
0
5
1
8
6
3
0
0
0
0
2
0
0
0
0
0
0
0
0
5
12
0
0
0
0
0
0
0
7
15
7
0
0
0
0
0
0
9
5
12
3
0
0
0
0
0
6
2
4
2
1
0
0
0
0
4
0
0
0
0
0
0
0
0
7
9
0
0
0
0
0
0
0
3
11
8
0
0
0
0
0
0
2
1
5
2
0
0
0
0
0
1
0
1
1
0
0
0
0
0
0
0
0
0
0
0
0
0
0
3
3
0
0
0
0
0
0
0
0
1
1
0
0
0
0
0
0
0
1
0
0
0
0
0
0
0
2
0
0
0
0
0
0
0
0
0
0
0
0
0
0
0
0
0
0
0
0
0
0
0
0
0
0
0
0
0
0
0
0
0
0
0
0
0
0
0
0
0
0
0
0
0
0
0
0
0
0
0
0
0
0
0
0
0
0
0
0
0
0
0
0
0
0
0
0
0
0
0
0
0
0
0
0
0
0
0
0
0
0
0
0
0
0
0
0
0
0
0
0
0
0
0
0
0
0
0
0
0
0
0
0
0
0
0
0
0
0
0
0
0
0
0
0
0
0
0
0
0
0
0
0
0
0
0
0
0
0
0
0
0
0
0
0
0
0
0
0
0
0
0
0
0
0
0
0
0
0
0
0
0
0
0
0
0
0
0
0
0
0
0
0
0
0
0
0
0
0
0
0
0
0
0
0
0
0
0
0
0
0
0
0
0
0
0
0
0
0
0
0
0
0
0
0
0
0
0
0
0
0
0
0
0
0
0
0
0
0
0
0
0
0
0
0
0
0
0
0
0
0
0
0
0
0
0
0
0
0
0
0
0
0
0
0
0
0
0
0
0
0
0
0
0
0
0
0
0
0
0
0
0
0
0
0
0
0
0
0
0
0
0
0
0
0
0
0
0
0
0
0
0
0
0
0
0
0
0
0
0
0
0
0
0
0
0
0
0
0
0
0
0
0
0
0
0
0
0
0
0
0
0
0
0
0
0
0
0
0
0
0
0
0
0
0
0
0
0
0
0
0
0
0
0
0
0
0
0
0
0
0
0
0
0
0
0
0
0
0
0
0
0
0
0
0
0
0
0
0
0
0
0
0
0
0
0
0
0
0
0
0
0
0
0
0
0
0
0
0
0
0
0
0
0
0
0
0
0
0
0
0
0
0
0
0
0
0
0
0
0
0
0
0
0
0
0
0
0
0
0
0
0
0
0
0
0
0
0
0
0
0
0
0
0
0
0
0
0
0
0
0
0
0
0
0
0
0
0
0
0
0
0
0
0
0
0
0
0
0
0
0
0
0
0
0
0
0
0
0
0
0
0
0
0
0
0
0
0
0
0
0
0
0
0
0
0
0
0
0
0
0
0
0
0
0
0
0
0
0
0
0
0
0
0
0
0
0
0
0
0
0
0
0
0
0
0
0
0
0
0
0
0
0
0
0
0
0
0
0
0
0
0
0
0
0
0
0
0
0
0
0
0
0
0
0
0
0
0
0
0
0
0
0
0
0
0
0
0
0
0
0
0
0
0
0
0
0
0
0
0
0
0
0
0
0
0
0
0
0
0
0
0
0
0
0
0
0
0
0
0
0
0
0
0
0
0
0
0
0
0
0
0
0
0
0
0
0
0
0
0
0
0
0
0
0
0
0
0
0
0
0
0
0
0
0
0
0
0
0
0
0
0
0
0
0
0
0
0
0
0
0
0
0
0
0
0
0
0
0
0
0
0
0
0
0
0
0
0
0
0
0
0
0
0
0
0
0
0
0
0
0
0
0
0
0
0
0
0
0
0
0
0
0
0
0
0
0
0
0
0
0
0
0
0
0
0
0
0
0
0
0
0
0
0
0
0
0
0
0
0
0
0
0
0
0
0
0
0
0
0
0
0
0
0
0
0
0
0
0
0
0
0
0
0
0
0
0
0
0
0
0
0
0
0
0
0
0
0
0
0
0
0
0
0
0
0
0
0
0
0
0
0
0
0
0
0
0
0
0
0
0
0
0
0
0
0
0
0
0
0
0
0
0
0
0
0
0
0
0
0
0
0
0
0
0
0
0
0
0
0
0
0
0
0
0
0
0
0
0
0
0
0
0
0
0
0
0
0
0
0
0
0
0
0
0
0
0
0
0
0
0
0
0
0
0
0
0
0
0
0
0
0
0
0
0
0
0
0
0
0
0
0
0
0
0
0
0
0
0
0
0
0
0
0
0
0
0
0
0
0
0
0
0
0
0
0
0
0
0
0
0
0
0
0
0
0
0
0
0
0
0
0
0
0
0
0
0
0
0
0
0
0
0
0
0
0
0
0
0
0
0
0
0
0
0
0
0
0
0
0
0
0
0
0
0
0
0
0
0
0
0
0
0
0
0
0
0
0
0
0
0
0
0
0
0
0
0
0
0
0
0
0
0
0
0
0
0
0
0
0
0
0
0
0
0
0
0
0
0
0
0
0
0
0
0
0
0
0
0
0
0
0
0
0
0
0
0
0
0
0
0
0
0
0
0
0
0
0
0
0
0
0
0
0
0
0
0
0
0
0
0
0
0
0
0
0
0
0
0
0
0
0
0
0
0
0
0
0
0
0
0
0
0
0
0
0
0
0
0
0
0
0
0
0
0
0
0
0
0
0
0
0
0
0
0
0
0
0
0
0
0
0
0
0
0
0
0
0
0
0
0
0
0
0
