0
0
0
0
0
0
0
0
0
0
0
0
0
0
0
0
0
0
1
1
1
1
1
1
1
1
2
3
5
5
5
5
5
5
5
9
12
15
16
16
16
16
16
16
19
24
25
28
29
29
29
29
29
33
33
33
33
33
33
33
33
33
39
47
47
47
47
47
47
47
47
50
58
75
75
75
75
75
75
75
80
85
93
102
102
102
102
102
102
104
108
113
126
133
133
133
133
133
138
138
138
138
138
138
138
138
138
157
180
182
182
182
182
182
182
182
188
216
249
255
255
255
255
255
255
267
278
312
331
332
332
332
332
332
343
356
370
390
403
403
403
403
403
418
418
418
418
418
418
418
418
418
449
481
484
484
484
484
484
484
484
508
554
600
619
623
623
623
623
623
649
668
695
721
721
721
721
721
721
743
764
780
807
820
820
820
820
820
842
844
844
844
844
844
844
844
844
881
915
922
923
923
923
923
923
923
942
989
1033
1060
1068
1068
1068
1068
1068
1092
1118
1169
1211
1231
1236
1236
1236
1236
1263
1292
1321
1358
1375
1377
1377
1377
1377
1406
1407
1407
1407
1407
1407
1407
1407
1407
1451
1499
1526
1535
1536
1536
1536
1536
1536
1566
1617
1671
1713
1738
1749
1749
1749
1749
1780
1811
1862
1911
1937
1946
1946
1946
1946
1979
2016
2059
2100
2123
2123
2123
2123
2123
2157
2160
2160
2160
2160
2160
2160
2160
2160
2211
2263
2301
2315
2318
2318
2318
2318
2318
2349
2401
2454
2502
2528
2536
2539
2539
2539
2580
2611
2661
2712
2748
2758
2764
2765
2765
2799
2829
2862
2906
2936
2939
2939
2939
2939
2969
2969
2969
2969
2969
2969
2969
2969
2969
3018
3069
3099
3102
3102
3102
3102
3102
3102
3135
3188
3242
3294
3329
3346
3349
3349
3349
3375
3414
3467
3512
3542
3560
3561
3561
3561
3596
3635
3676
3727
3761
3768
3771
3771
3771
3807
3810
3810
3810
3810
3810
3810
3810
3810
3861
3915
3954
3970
3974
3974
3974
3974
3974
4017
4071
4124
4171
4203
4223
4226
4226
4226
4265
4307
4360
4412
4454
4473
4476
4477
4477
4523
4554
4588
4633
4662
4669
4670
4670
4670
4704
4711
4711
4711
4711
4711
4711
4711
4711
4762
4810
4843
4859
4863
4863
4863
4863
4863
4896
4950
5004
5055
5091
5107
5117
5118
5118
5159
5197
5250
5302
5344
5361
5370
5373
5373
5410
5446
5484
5532
5563
5567
5567
5567
5567
5600
5607
5608
5608
5608
5608
5608
5608
5608
5659
5713
5752
5767
5778
5779
5779
5779
5779
5818
5871
5925
5977
6014
6035
6043
6045
6045
6079
6122
6174
6226
6269
6291
6295
6295
6295
6323
6360
6404
6452
6478
6484
6484
6484
6484
6515
6521
6521
6521
6521
6521
6521
6521
6521
6566
6617
6652
6660
6660
6660
6660
6660
6660
6696
6748
6802
6849
6879
6897
6906
6906
6906
6932
6967
7017
7068
7098
7107
7107
7107
7107
7148
7180
7215
7259
7284
7284
7284
7284
7284
7313
7314
7314
7314
7314
7314
7314
7314
7314
7362
7416
7440
7441
7441
7441
7441
7441
7441
7468
7518
7570
7614
7634
7640
7640
7640
7640
7671
7710
7762
7805
7829
7833
7833
7833
7833
7861
7889
7922
7959
7982
7985
7985
7985
7985
8016
8018
8018
8018
8018
8018
8018
8018
8018
8057
8099
8115
8120
8120
8120
8120
8120
8120
8143
8192
8244
8274
8286
8291
8292
8292
8292
8311
8335
8380
8421
8441
8442
8442
8442
8442
8470
8493
8522
8562
8579
8580
8580
8580
8580
8607
8610
8610
8610
8610
8610
8610
8610
8610
8647
8692
8698
8698
8698
8698
8698
8698
8698
8719
8767
8814
8835
8840
8840
8840
8840
8840
8859
8878
8918
8953
8970
8973
8973
8973
8973
8994
9012
9029
9051
9062
9063
9063
9063
9063
9069
9069
9069
9069
9069
9069
9069
9069
9069
9105
9141
9151
9153
9153
9153
9153
9153
9153
9174
9226
9263
9269
9270
9270
9270
9270
9270
9289
9303
9331
9357
9359
9359
9359
9359
9359
9373
9389
9402
9421
9427
9427
9427
9427
9427
9439
9439
9439
9439
9439
9439
9439
9439
9439
9465
9495
9499
9499
9499
9499
9499
9499
9499
9505
9544
9571
9572
9572
9572
9572
9572
9572
9583
9596
9621
9639
9639
9639
9639
9639
9639
9646
9653
9664
9674
9677
9677
9677
9677
9677
9686
9686
9686
9686
9686
9686
9686
9686
9686
9701
9718
9718
9718
9718
9718
9718
9718
9718
9726
9746
9764
9766
9766
9766
9766
9766
9766
9776
9787
9803
9819
9819
9819
9819
9819
9819
9824
9825
9833
9839
9842
9842
9842
9842
9842
9844
9844
9844
9844
9844
9844
9844
9844
9844
9849
9861
9861
9861
9861
9861
9861
9861
9861
9868
9883
9890
9890
9890
9890
9890
9890
9890
9899
9904
9916
9919
9919
9919
9919
9919
9919
9925
9927
9931
9933
9934
9934
9934
9934
9934
9938
9938
9938
9938
9938
9938
9938
9938
9938
9945
9954
9954
9954
9954
9954
9954
9954
9954
9957
9968
9976
9976
9976
9976
9976
9976
9976
9978
9979
9984
9986
9986
9986
9986
9986
9986
9987
9987
9988
9989
9989
9989
9989
9989
9989
9989
9989
9989
9989
9989
9989
9989
9989
9989
9992
9995
9995
9995
9995
9995
9995
9995
9995
9995
9996
9997
9997
9997
9997
9997
9997
9997
9997
9998
9998
9998
9998
9998
9998
9998
9998
10000
10000
10000
10000
10000
10000
10000
10000
10000
10000
10000
10000
10000
10000
10000
10000
10000
10000
10000
10000
10000
10000
10000
10000
10000
10000
10000
10000
10000
10000
10000
10000
10000
10000
10000
10000
10000
10000
10000
10000
10000
10000
10000
10000
10000
10000
10000
10000
10000
10000
10000
10000
10000
10000
10000
10000
10000
10000
10000
10000
10000
10000
10000
10000
10000
10000
10000
10000
10000
10000
10000
10000
10000
10000
10000
10000
10000
10000
10000
10000
10000
10000
10000
10000
10000
10000
10000
10000
10000
10000
10000
10000
10000
10000
10000
10000
10000
10000
10000
10000
10000
10000
10000
10000
10000
10000
10000
10000
10000
10000
10000
10000
10000
10000
10000
10000
10000
10000
10000
10000
10000
10000
10000
10000
10000
10000
10000
10000
10000
10000
10000
10000
10000
10000
10000
10000
10000
10000
10000
10000
10000
10000
10000
10000
10000
10000
10000
10000
10000
10000
10000
10000
10000
10000
10000
10000
10000
10000
10000
10000
10000
10000
10000
10000
10000
10000
10000
10000
10000
10000
10000
10000
10000
10000
10000
10000
10000
10000
10000
10000
10000
10000
10000
10000
10000
10000
10000
10000
10000
10000
10000
10000
10000
10000
10000
10000
10000
10000
10000
10000
10000
10000
10000
10000
10000
10000
10000
10000
10000
10000
10000
10000
10000
10000
10000
10000
10000
10000
10000
10000
10000
10000
10000
10000
10000
10000
10000
10000
10000
10000
10000
10000
10000
10000
10000
10000
10000
10000
10000
10000
10000
10000
10000
10000
10000
10000
10000
10000
10000
10000
10000
10000
10000
10000
10000
10000
10000
10000
10000
10000
10000
10000
10000
10000
10000
10000
10000
10000
10000
10000
10000
10000
10000
10000
10000
10000
10000
10000
10000
10000
10000
10000
10000
10000
10000
10000
10000
10000
10000
10000
10000
10000
10000
10000
10000
10000
10000
10000
10000
10000
10000
10000
10000
10000
10000
10000
10000
10000
10000
10000
10000
10000
10000
10000
10000
10000
10000
10000
10000
10000
10000
10000
10000
10000
10000
10000
10000
10000
10000
10000
10000
10000
10000
10000
10000
10000
10000
10000
10000
10000
10000
10000
10000
10000
10000
10000
10000
10000
10000
10000
10000
10000
10000
10000
10000
10000
10000
10000
10000
10000
10000
10000
10000
10000
10000
10000
10000
10000
10000
10000
10000
10000
10000
10000
10000
10000
10000
10000
10000
10000
10000
10000
10000
10000
10000
10000
10000
10000
10000
10000
10000
10000
10000
10000
10000
10000
10000
10000
10000
10000
10000
10000
10000
10000
10000
10000
10000
10000
10000
10000
10000
10000
10000
10000
10000
10000
10000
10000
10000
10000
10000
10000
10000
10000
10000
10000
10000
10000
10000
10000
10000
10000
10000
10000
10000
10000
10000
10000
10000
10000
10000
10000
10000
10000
10000
10000
10000
10000
10000
10000
10000
10000
10000
10000
10000
10000
10000
10000
10000
10000
10000
10000
10000
10000
10000
10000
10000
10000
10000
10000
10000
10000
10000
10000
10000
10000
10000
10000
10000
10000
10000
10000
10000
10000
10000
10000
10000
10000
10000
10000
10000
10000
10000
10000
10000
10000
10000
10000
10000
10000
10000
10000
10000
10000
10000
10000
10000
10000
10000
10000
10000
10000
10000
10000
10000
10000
10000
10000
10000
10000
10000
10000
10000
10000
10000
10000
10000
10000
10000
10000
10000
10000
10000
10000
10000
10000
10000
10000
10000
10000
10000
10000
10000
10000
10000
10000
10000
10000
10000
10000
10000
10000
10000
10000
10000
10000
10000
10000
10000
10000
10000
10000
10000
10000
10000
10000
10000
10000
10000
10000
10000
10000
10000
10000
10000
10000
10000
10000
10000
10000
10000
10000
10000
10000
10000
10000
10000
10000
10000
10000
10000
10000
10000
10000
10000
10000
10000
10000
10000
10000
10000
10000
10000
10000
10000
10000
10000
10000
10000
10000
10000
10000
10000
10000
10000
10000
10000
10000
10000
10000
10000
10000
10000
10000
10000
10000
10000
10000
10000
10000
10000
10000
10000
10000
10000
10000
10000
10000
10000
10000
10000
10000
10000
10000
10000
10000
10000
10000
10000
10000
10000
10000
10000
10000
10000
10000
10000
10000
10000
10000
10000
10000
10000
10000
10000
10000
10000
10000
10000
10000
10000
10000
10000
10000
10000
10000
10000
10000
10000
10000
10000
10000
10000
10000
10000
10000
10000
10000
10000
10000
10000
10000
10000
10000
10000
10000
10000
10000
10000
10000
10000
10000
10000
10000
10000
10000
10000
10000
10000
10000
10000
10000
10000
10000
10000
10000
10000
10000
10000
10000
10000
10000
10000
10000
10000
10000
10000
10000
10000
10000
10000
10000
10000
10000
10000
10000
10000
10000
10000
10000
10000
10000
10000
10000
10000
10000
10000
10000
10000
10000
10000
10000
10000
10000
10000
10000
10000
10000
10000
10000
10000
10000
10000
10000
10000
10000
10000
10000
10000
10000
10000
10000
10000
10000
10000
10000
10000
10000
10000
10000
10000
10000
10000
10000
10000
10000
10000
10000
10000
10000
10000
10000
10000
10000
10000
10000
10000
10000
10000
10000
10000
10000
10000
10000
10000
10000
10000
10000
10000
10000
10000
10000
10000
10000
10000
10000
10000
10000
10000
10000
10000
10000
10000
10000
10000
10000
10000
10000
10000
10000
10000
10000
10000
10000
10000
10000
10000
10000
10000
10000
10000
10000
10000
10000
10000
10000
10000
10000
10000
10000
10000
10000
10000
10000
10000
10000
10000
10000
10000
10000
10000
10000
10000
10000
10000
10000
10000
10000
10000
10000
10000
10000
10000
10000
10000
10000
10000
10000
10000
10000
10000
10000
10000
10000
10000
10000
10000
10000
10000
10000
10000
10000
10000
10000
10000
10000
10000
10000
10000
10000
10000
10000
10000
10000
10000
10000
10000
10000
10000
10000
10000
10000
10000
10000
10000
10000
10000
10000
10000
10000
10000
10000
10000
10000
10000
10000
10000
10000
10000
10000
10000
10000
10000
10000
10000
10000
10000
10000
10000
10000
10000
10000
10000
10000
10000
10000
10000
10000
10000
10000
10000
10000
10000
10000
10000
10000
10000
10000
10000
10000
10000
10000
10000
10000
10000
10000
10000
10000
10000
10000
10000
10000
10000
10000
10000
10000
10000
10000
10000
10000
10000
10000
10000
10000
10000
10000
10000
10000
10000
10000
10000
10000
10000
10000
10000
10000
10000
10000
10000
10000
10000
10000
10000
10000
10000
10000
10000
10000
10000
10000
10000
10000
10000
10000
10000
10000
10000
10000
10000
10000
10000
10000
10000
10000
10000
10000
10000
10000
10000
10000
10000
10000
10000
10000
10000
10000
10000
10000
10000
10000
10000
10000
10000
10000
10000
10000
10000
10000
10000
10000
10000
10000
10000
10000
10000
10000
