0
0
0
0
0
0
0
0
0
0
0
0
0
0
0
0
1
1
2
2
2
2
3
4
4
4
5
5
5
5
5
6
7
8
9
11
12
12
13
14
17
18
19
19
21
24
24
25
27
31
32
33
35
37
37
39
39
40
41
43
45
48
52
56
61
64
66
67
68
72
73
75
79
81
84
87
91
94
96
96
99
104
105
106
110
111
113
117
120
124
129
131
136
141
143
147
153
158
161
165
172
176
179
183
187
197
202
205
213
217
228
233
237
242
248
255
261
266
273
277
283
289
293
298
303
306
309
315
318
326
329
334
341
348
355
361
366
370
385
389
391
396
403
413
421
434
440
446
455
466
474
481
493
505
516
524
532
542
548
563
574
587
602
612
625
633
644
656
660
671
679
690
700
708
716
725
728
739
749
759
778
791
800
808
821
831
844
852
861
869
878
883
890
903
910
926
935
948
960
970
979
989
1002
1014
1029
1040
1061
1075
1083
1100
1109
1118
1126
1146
1159
1180
1189
1201
1207
1224
1232
1250
1259
1270
1287
1298
1311
1323
1334
1347
1364
1375
1395
1411
1426
1449
1459
1478
1493
1505
1520
1535
1552
1574
1582
1603
1618
1632
1650
1664
1677
1690
1709
1731
1748
1762
1776
1798
1812
1830
1847
1861
1882
1892
1908
1924
1941
1955
1978
1996
2013
2032
2045
2065
2080
2096
2113
2129
2148
2164
2180
2200
2221
2235
2250
2265
2288
2306
2325
2341
2360
2379
2388
2405
2421
2439
2465
2481
2494
2517
2537
2552
2568
2585
2602
2626
2642
2667
2692
2710
2728
2745
2760
2782
2797
2813
2829
2845
2862
2879
2892
2905
2921
2937
2957
2978
2995
3010
3025
3044
3062
3082
3101
3119
3139
3159
3179
3201
3225
3243
3260
3279
3303
3320
3334
3350
3370
3386
3402
3422
3441
3461
3478
3495
3519
3541
3554
3576
3599
3613
3634
3653
3670
3697
3723
3745
3760
3775
3790
3817
3837
3861
3879
3900
3917
3934
3951
3975
4000
4018
4037
4055
4074
4096
4119
4139
4160
4177
4199
4226
4243
4257
4279
4304
4329
4353
4372
4398
4415
4430
4450
4469
4486
4504
4517
4533
4552
4571
4594
4614
4639
4660
4676
4696
4715
4734
4754
4776
4793
4811
4826
4845
4859
4877
4888
4909
4926
4944
4958
4974
4991
5011
5027
5047
5059
5079
5101
5121
5127
5143
5151
5174
5185
5209
5218
5236
5243
5264
5270
5286
5291
5309
5312
5332
5336
5353
5355
5377
5381
5408
5411
5435
5437
5454
5456
5480
5481
5496
5498
5519
5520
5539
5539
5558
5558
5579
5579
5599
5599
5621
5622
5647
5647
5672
5672
5694
5694
5711
5711
5727
5728
5740
5740
5760
5760
5776
5777
5803
5803
5818
5818
5840
5840
5854
5854
5875
5875
5896
5896
5915
5915
5933
5933
5955
5955
5980
5981
5999
5999
6017
6017
6045
6045
6062
6062
6078
6078
6093
6094
6112
6112
6129
6129
6143
6143
6160
6161
6176
6176
6191
6191
6207
6207
6227
6227
6252
6253
6280
6280
6304
6305
6321
6321
6340
6340
6360
6360
6378
6378
6393
6395
6411
6412
6433
6434
6451
6451
6467
6468
6489
6489
6502
6502
6516
6516
6529
6529
6543
6545
6559
6561
6578
6580
6590
6590
6604
6604
6618
6618
6635
6637
6652
6653
6668
6670
6680
6680
6696
6696
6709
6709
6730
6730
6748
6748
6763
6763
6777
6779
6790
6790
6802
6803
6819
6819
6841
6844
6858
6859
6872
6875
6888
6888
6899
6900
6919
6921
6936
6937
6947
6951
6962
6964
6974
6976
6985
6989
7000
7004
7018
7018
7035
7037
7048
7049
7058
7058
7069
7071
7076
7078
7085
7086
7098
7099
7108
7111
7120
7122
7133
7135
7142
7144
7154
7157
7162
7164
7169
7170
7174
7179
7188
7191
7207
7208
7217
7222
7229
7237
7248
7252
7258
7266
7275
7281
7290
7293
7302
7307
7315
7321
7328
7335
7344
7350
7355
7359
7363
7367
7373
7378
7386
7391
7408
7418
7421
7427
7433
7439
7447
7458
7464
7471
7477
7485
7493
7508
7513
7528
7536
7555
7560
7575
7582
7600
7607
7623
7631
7646
7657
7672
7677
7693
7697
7717
7724
7727
7735
7738
7744
7749
7753
7757
7760
7765
7770
7774
7787
7790
7794
7800
7804
7812
7818
7825
7831
7835
7838
7844
7851
7857
7858
7861
7864
7865
7870
7879
7882
7887
7890
7891
7893
7897
7899
7905
7911
7913
7914
7915
7920
7924
7925
7928
7930
7938
7941
7945
7949
7953
7956
7959
7962
7967
7971
7971
7979
7983
7989
7994
7997
8000
8002
8003
8006
8009
8014
8015
8015
8019
8021
8023
8025
8026
8028
8030
8033
8036
8036
8038
8043
8043
8046
8046
8050
8052
8052
8054
8054
8054
8054
8058
8059
8061
8066
8066
8069
8072
8075
8076
8079
8082
8085
8086
8088
8088
8090
8090
8090
8092
8092
8094
8095
8098
8099
8100
8101
8104
8107
8107
8108
8111
8113
8115
8116
8117
8118
8118
8119
8122
8123
8125
8129
8130
8131
8133
8133
8136
8138
8139
8141
8142
8142
8144
8144
8144
8144
8148
8149
8153
8153
8153
8153
8154
8154
8155
8157
8157
8157
8158
8159
8159
8160
8160
8160
8160
8161
8163
8163
8163
8163
8163
8163
8163
8164
8164
8164
8164
8165
8165
8165
8165
8165
8165
8165
8165
8165
8165
8166
8167
8167
8167
8167
8169
8169
8169
8169
8169
8169
8169
8169
8169
8169
8169
8169
8170
8170
8170
8170
8171
8171
8171
8171
8171
8171
8171
8171
8171
8171
8171
8171
8171
8171
8171
8171
8171
8171
8171
8171
8171
8171
8171
8171
8171
8171
8171
8171
8171
8171
8171
8171
8171
8171
8171
8171
8171
8171
8171
8171
8171
8171
8171
8171
8171
8171
8171
8171
8171
8171
8171
8171
8171
8171
8171
8171
8171
8171
8171
8171
8171
8171
8171
8171
8171
8171
8171
8171
8171
8171
8171
8171
8171
8171
8171
8171
8171
8171
8171
8171
8171
8171
8171
8171
8171
8171
8171
8171
8171
8171
8171
8171
8171
8171
8171
8171
8171
8171
8171
8171
8171
8171
8171
8171
8171
8171
8171
8171
8171
8171
8171
8171
8171
8171
8171
8171
8171
8171
8171
8171
8171
8171
8171
8171
8171
8171
8171
8171
8171
8171
8171
8171
8171
8171
8171
8171
8171
8171
8171
8171
8171
8171
8171
8171
8171
8171
8171
8171
8171
8171
8171
8171
8171
8171
8171
8171
8171
8171
8171
8171
8171
8171
8171
8171
8171
8171
8171
8171
8171
8171
8171
8171
8171
8171
8171
8171
8171
8171
8171
8171
8171
8171
8171
8171
8171
8171
8171
8171
8171
8171
8171
8171
8171
8171
8171
8171
8171
8171
8171
8171
8171
8171
8171
8171
8171
8171
8171
8171
8171
8171
8171
8171
8171
8171
8171
8171
8171
8171
8171
8171
8171
8171
8171
8171
8171
8171
8171
8171
8171
8171
8171
8171
8171
8171
8171
8171
8171
8171
8171
8171
8171
8171
8171
8171
8171
8171
8171
8171
8171
8171
8171
8171
8171
8171
8171
8171
8171
8171
8171
8171
8171
8171
8171
8171
8171
8171
8171
8171
8171
8171
8171
8171
8171
8171
8171
8171
8171
8171
8171
8171
8171
8171
8171
8171
8171
8171
8171
8171
8171
8171
8171
8171
8171
8171
8171
8171
8171
8171
8171
8171
8171
8171
8171
8171
8171
8171
8171
8171
8171
8171
8171
8171
8171
8171
8171
8171
8171
8171
8171
8171
8171
8171
8171
8171
8171
8171
8171
8171
8171
8171
8171
8171
8171
8171
8171
8171
8171
8171
8171
8171
8171
8171
8171
8171
8171
8171
8171
8171
8171
8171
8171
8171
8171
8171
8171
8171
8171
8171
8171
8171
8171
8171
8171
8171
8171
8171
8171
8171
8171
8171
8171
8171
8171
8171
8171
8171
8171
8171
8171
8171
8171
8171
8171
8171
8171
8171
8171
8171
8171
8171
8171
8171
8171
8171
8171
8171
8171
8171
8171
8171
8171
8171
8171
8171
8171
8171
8171
8171
8171
8171
8171
8171
8171
8171
8171
8171
8171
8171
8171
8171
8171
8171
8171
8171
8171
8171
8171
8171
8171
8171
8171
8171
8171
8171
8171
8171
8171
8171
8171
8171
8171
8171
8171
8171
8171
8171
8171
8171
8171
8171
8171
8171
8171
8171
8171
8171
8171
8171
8171
8171
8171
8171
8171
8171
8171
8171
8171
8171
8171
8171
8171
8171
8171
8171
8171
8171
8171
8171
8171
8171
8171
8171
8171
8171
8171
8171
8171
8171
8171
8171
8171
8171
8171
8171
8171
8171
8171
8171
8171
8171
8171
8171
8171
8171
8171
8171
8171
8171
8171
8171
8171
8171
8171
8171
8171
8171
8171
8171
8171
8171
8171
8171
8171
8171
8171
8171
8171
8171
8171
8171
8171
8171
8171
8171
8171
8171
8171
8171
8171
8171
8171
8171
8171
8171
8171
8171
8171
8171
8171
8171
8171
8171
8171
8171
8171
8171
8171
8171
8171
8171
8171
8171
8171
8171
8171
8171
8171
8171
8171
8171
8171
8171
8171
8171
8171
8171
8171
8171
8171
8171
8171
8171
8171
8171
8171
8171
8171
8171
8171
8171
8171
8171
8171
8171
8171
8171
8171
8171
8171
8171
8171
8171
8171
8171
8171
8171
8171
8171
8171
8171
8171
8171
8171
8171
8171
8171
8171
8171
8171
8171
8171
8171
8171
8171
8171
8171
8171
8171
8171
8171
8171
8171
8171
8171
8171
8171
8171
8171
8171
8171
8171
8171
8171
8171
8171
8171
8171
8171
8171
8171
8171
8171
8171
8171
8171
8171
8171
8171
8171
8171
8171
8171
8171
8171
8171
8171
8171
8171
8171
8171
8171
8171
8171
8171
8171
8171
8171
8171
8171
8171
8171
8171
8171
8171
8171
8171
8171
8171
8171
8171
8171
8171
8171
8171
8171
8171
8171
8171
8171
8171
8171
8171
8171
8171
8171
8171
8171
8171
8171
8171
8171
8171
8171
8171
8171
8171
8171
8171
8171
8171
8171
8171
8171
8171
8171
8171
8171
8171
8171
8171
8171
8171
8171
8171
8171
8171
8171
8171
8171
8171
8171
8171
8171
8171
8171
8171
8171
8171
8171
8171
8171
8171
8171
8171
8171
8171
8171
8171
8171
8171
8171
8171
8171
8171
8171
8171
8171
8171
8171
8171
8171
8171
8171
8171
8171
8171
8171
8171
8171
8171
8171
8171
8171
8171
8171
8171
8171
8171
8171
8171
8171
8171
8171
8171
8171
8171
8171
8171
8171
8171
8171
8171
8171
8171
8171
8171
8171
8171
8171
8171
8171
8171
8171
8171
8171
8171
8171
8171
8171
8171
8171
8171
8171
8171
8171
8171
8171
8171
8171
8171
8171
8171
8171
8171
8171
8171
8171
8171
8171
8171
8171
8171
8171
8171
8171
8171
8171
8171
8171
8171
8171
8171
8171
8171
8171
8171
8171
8171
8171
8171
8171
8171
8171
8171
8171
8171
8171
8171
8171
8171
8171
8171
8171
8171
8171
8171
8171
8171
8171
8171
8171
8171
8171
8171
8171
8171
8171
8171
8171
8171
8171
8171
8171
8171
8171
8171
8171
8171
8171
8171
8171
8171
8171
8171
8171
8171
8171
8171
8171
8171
8171
8171
8171
8171
8171
8171
8171
8171
8171
8171
8171
8171
8171
8171
8171
8171
8171
8171
8171
8171
8171
8171
8171
8171
8171
8171
8171
8171
8171
8171
8171
8171
8171
8171
8171
8171
8171
8171
8171
8171
8171
8171
8171
8171
8171
8171
8171
8171
8171
8171
8171
8171
8171
8171
8171
8171
8171
8171
8171
8171
8171
8171
8171
8171
8171
8171
8171
8171
8171
8171
8171
8171
8171
8171
8171
8171
8171
8171
8171
8171
8171
8171
8171
8171
8171
8171
8171
8171
8171
8171
8171
8171
8171
8171
8171
8171
8171
8171
8171
8171
8171
8171
8171
8171
8171
8171
8171
8171
8171
8171
8171
8171
8171
8171
8171
8171
8171
8171
8171
8171
8171
8171
8171
8171
8171
8171
8171
8171
8171
8171
8171
8171
8171
8171
8171
8171
8171
8171
8171
8171
8171
