0
0
0
0
0
0
0
0
0
0
0
0
0
0
0
0
0
0
0
0
0
0
0
0
0
0
0
0
0
0
0
0
0
0
0
0
0
0
0
0
0
0
0
0
0
0
0
0
0
0
0
0
0
0
0
0
0
0
0
0
0
0
0
0
0
0
0
0
0
0
0
0
0
1
0
0
0
0
0
0
1
0
0
2
0
0
0
0
0
0
0
2
2
0
0
0
0
0
0
0
0
0
0
0
0
0
0
3
2
0
0
0
0
0
0
0
0
4
13
0
0
0
0
0
0
0
1
6
1
0
0
0
0
0
0
4
1
1
1
0
0
0
0
0
0
0
0
0
0
0
0
0
2
3
0
0
0
0
0
0
0
1
21
22
4
0
0
0
0
0
8
0
4
2
0
0
0
0
0
3
1
1
5
0
0
0
0
0
1
0
0
0
0
0
0
0
0
7
12
0
0
0
0
0
0
0
5
31
43
22
2
0
0
0
0
11
11
38
35
12
0
0
0
0
14
14
10
14
4
0
0
0
0
3
0
0
0
0
0
0
0
0
21
40
20
1
0
0
0
0
0
9
54
80
31
4
0
0
0
0
5
5
39
38
11
0
0
0
0
8
13
12
16
4
0
0
0
0
3
0
0
0
0
0
0
0
0
25
60
26
5
0
0
0
0
0
11
63
92
48
23
7
0
0
0
27
15
54
63
27
6
0
0
0
9
7
7
18
8
0
0
0
0
6
0
0
0
0
0
0
0
0
27
40
9
0
0
0
0
0
0
22
75
123
76
43
17
0
0
0
11
20
61
64
31
14
0
0
0
10
15
12
35
18
1
0
0
0
12
0
0
0
0
0
0
0
0
44
83
43
21
5
0
0
0
0
22
79
119
69
34
13
1
0
0
25
35
77
85
48
22
1
0
0
21
14
13
27
10
0
0
0
0
8
0
0
0
0
0
0
0
0
63
84
44
18
0
0
0
0
0
17
85
125
74
31
9
0
0
0
18
13
62
70
36
13
0
0
0
12
13
15
27
11
0
0
0
0
14
0
0
0
0
0
0
0
0
52
84
44
26
3
0
0
0
0
23
84
135
87
49
20
1
0
0
20
22
69
71
46
13
1
0
0
12
13
19
19
11
0
0
0
0
14
2
0
0
0
0
0
0
0
37
51
16
4
0
0
0
0
0
21
78
114
64
33
14
0
0
0
6
14
54
52
22
5
0
0
0
22
12
15
15
4
0
0
0
0
5
0
0
0
0
0
0
0
0
28
35
5
0
0
0
0
0
0
5
61
82
43
18
5
0
0
0
8
13
52
43
17
6
0
0
0
12
6
3
5
3
0
0
0
0
3
0
0
0
0
0
0
0
0
13
17
2
0
0
0
0
0
0
12
55
62
19
2
0
0
0
0
1
6
25
26
3
0
0
0
0
9
7
5
13
5
0
0
0
0
3
0
0
0
0
0
0
0
0
8
14
2
0
0
0
0
0
0
6
29
37
15
0
0
0
0
0
4
3
15
22
3
0
0
0
0
2
3
3
6
2
0
0
0
0
0
0
0
0
0
0
0
0
0
13
11
0
0
0
0
0
0
0
4
20
11
0
0
0
0
0
0
6
0
7
5
0
0
0
0
0
0
2
2
0
0
0
0
0
0
1
0
0
0
0
0
0
0
0
2
4
0
0
0
0
0
0
0
0
8
2
0
0
0
0
0
0
1
1
8
5
0
0
0
0
0
1
1
1
0
0
0
0
0
0
0
0
0
0
0
0
0
0
0
0
0
0
0
0
0
0
0
0
0
1
3
0
0
0
0
0
0
0
1
3
2
0
0
0
0
0
0
0
0
0
0
0
0
0
0
0
0
0
0
0
0
0
0
0
0
0
0
0
0
0
0
0
0
0
2
0
0
0
0
0
0
0
0
0
0
0
0
0
0
0
0
0
0
0
0
0
0
0
0
0
0
0
0
0
0
0
0
0
0
0
0
0
0
0
0
0
0
0
0
0
0
0
0
0
0
0
0
0
0
0
0
0
0
0
0
0
0
0
0
0
0
0
0
0
0
0
0
0
0
0
0
0
0
0
0
0
0
0
0
0
0
0
0
0
0
0
0
0
0
0
0
0
0
0
0
0
0
0
0
0
0
0
