0
0
0
0
0
0
0
0
0
0
0
0
0
0
0
0
0
0
1
0
0
0
0
0
0
0
1
1
2
0
0
0
0
0
0
4
3
3
1
0
0
0
0
0
3
5
1
3
1
0
0
0
0
4
0
0
0
0
0
0
0
0
6
8
0
0
0
0
0
0
0
3
8
17
0
0
0
0
0
0
5
5
8
9
0
0
0
0
0
2
4
5
13
7
0
0
0
0
5
0
0
0
0
0
0
0
0
19
25
0
0
0
0
0
0
0
6
28
39
0
0
0
0
0
0
12
11
36
18
0
0
0
0
0
11
13
14
20
13
0
0
0
0
15
0
0
0
0
0
0
0
0
33
33
0
0
0
0
0
0
0
24
66
49
0
0
0
0
0
0
27
18
28
25
0
0
0
0
0
22
21
16
30
10
0
0
0
0
24
0
0
0
0
0
0
0
0
40
39
0
0
0
0
0
0
0
19
67
59
0
0
0
0
0
0
25
27
74
42
0
0
0
0
0
30
27
33
40
11
0
0
0
0
30
0
0
0
0
0
0
0
0
62
67
0
0
0
0
0
0
0
34
99
80
0
0
0
0
0
0
36
32
84
45
0
0
0
0
0
37
39
40
43
18
0
0
0
0
37
0
0
0
0
0
0
0
0
71
87
0
0
0
0
0
0
0
32
106
83
0
0
0
0
0
0
49
29
91
57
0
0
0
0
0
35
34
32
52
21
0
0
0
0
30
0
0
0
0
0
0
0
0
69
64
0
0
0
0
0
0
0
41
104
102
0
0
0
0
0
0
29
45
92
46
0
0
0
0
0
39
41
39
71
20
0
0
0
0
39
0
0
0
0
0
0
0
0
73
91
0
0
0
0
0
0
0
47
111
94
0
0
0
0
0
0
44
55
91
61
0
0
0
0
0
51
31
35
57
19
0
0
0
0
41
0
0
0
0
0
0
0
0
84
68
0
0
0
0
0
0
0
43
119
93
0
0
0
0
0
0
56
36
102
61
0
0
0
0
0
44
38
38
54
20
0
0
0
0
41
0
0
0
0
0
0
0
0
86
85
0
0
0
0
0
0
0
46
115
105
0
0
0
0
0
0
48
49
101
52
0
0
0
0
0
29
41
51
48
20
0
0
0
0
37
0
0
0
0
0
0
0
0
73
66
0
0
0
0
0
0
0
47
109
90
0
0
0
0
0
0
26
42
89
44
0
0
0
0
0
50
29
39
42
17
0
0
0
0
30
0
0
0
0
0
0
0
0
68
59
0
0
0
0
0
0
0
27
98
74
0
0
0
0
0
0
33
42
85
33
0
0
0
0
0
31
27
34
41
19
0
0
0
0
33
0
0
0
0
0
0
0
0
57
45
0
0
0
0
0
0
0
25
87
60
0
0
0
0
0
0
21
22
62
45
0
0
0
0
0
29
24
29
44
12
0
0
0
0
30
0
0
0
0
0
0
0
0
41
47
0
0
0
0
0
0
0
22
68
52
0
0
0
0
0
0
20
18
50
45
0
0
0
0
0
21
18
17
25
9
0
0
0
0
6
0
0
0
0
0
0
0
0
44
40
0
0
0
0
0
0
0
23
65
29
0
0
0
0
0
0
19
14
32
24
0
0
0
0
0
14
16
13
19
6
0
0
0
0
12
0
0
0
0
0
0
0
0
29
31
0
0
0
0
0
0
0
6
44
23
0
0
0
0
0
0
11
13
26
17
0
0
0
0
0
7
8
10
10
3
0
0
0
0
9
0
0
0
0
0
0
0
0
15
17
0
0
0
0
0
0
0
8
20
20
0
0
0
0
0
0
10
11
16
16
0
0
0
0
0
5
1
8
6
3
0
0
0
0
2
0
0
0
0
0
0
0
0
5
12
0
0
0
0
0
0
0
7
15
7
0
0
0
0
0
0
9
5
12
3
0
0
0
0
0
6
2
4
2
1
0
0
0
0
4
0
0
0
0
0
0
0
0
7
9
0
0
0
0
0
0
0
3
11
8
0
0
0
0
0
0
2
1
5
2
0
0
0
0
0
1
0
1
1
0
0
0
0
0
0
0
0
0
0
0
0
0
0
3
3
0
0
0
0
0
0
0
0
1
1
0
0
0
0
0
0
0
1
0
0
0
0
0
0
0
2
0
0
0
0
0
0
0
0
0
0
0
0
0
0
0
0
0
0
0
0
0
0
0
0
0
0
0
0
0
0
0
0
0
0
0
0
0
0
0
0
0
0
0
0
0
0
0
0
0
0
0
0
0
0
0
0
0
0
0
0
0
0
0
0
0
0
0
0
0
0
0
0
0
0
0
0
0
0
0
0
0
0
0
0
0
0
0
0
0
0
0
0
0
0
0
0
0
0
0
0
0
0
0
0
0
0
0
0
0
0
0
0
0
0
0
0
0
0
0
0
0
0
0
0
0
0
0
0
0
0
0
0
0
0
0
0
0
0
0
0
0
0
0
0
0
0
0
0
0
0
0
0
0
0
0
0
0
0
0
0
0
0
0
0
0
0
0
0
0
0
0
0
0
0
0
0
0
0
0
0
0
0
0
0
0
0
0
0
0
0
0
0
0
0
0
0
0
0
0
0
0
0
0
0
0
0
0
0
0
0
0
0
0
0
0
0
0
0
0
0
0
0
0
0
0
0
0
0
0
0
0
0
0
0
0
0
0
0
0
0
0
0
0
0
0
0
0
0
0
0
0
0
0
0
0
0
0
0
0
0
0
0
0
0
0
0
0
0
0
0
0
0
0
0
0
0
0
0
0
0
0
0
0
0
0
0
0
0
0
0
0
0
0
0
0
0
0
0
0
0
0
0
0
0
0
0
0
0
0
0
0
0
0
0
0
0
0
0
0
0
0
0
0
0
0
0
0
0
0
0
0
0
0
0
0
0
0
0
0
0
0
0
0
0
0
0
0
0
0
0
0
0
0
0
0
0
0
0
0
0
0
0
0
0
0
0
0
0
0
0
0
0
0
0
0
0
0
0
0
0
0
0
0
0
0
0
0
0
0
0
0
0
0
0
0
0
0
0
0
0
0
0
0
0
0
0
0
0
0
0
0
0
0
0
0
0
0
0
0
0
0
0
0
0
0
0
0
0
0
0
0
0
0
0
0
0
0
0
0
0
0
0
0
0
0
0
0
0
0
0
0
0
0
0
0
0
0
0
0
0
0
0
0
0
0
0
0
0
0
0
0
0
0
0
0
0
0
0
0
0
0
0
0
0
0
0
0
0
0
0
0
0
0
0
0
0
0
0
0
0
0
0
0
0
0
0
0
0
0
0
0
0
0
0
0
0
0
0
0
0
0
0
0
0
0
0
0
0
0
0
0
0
0
0
0
0
0
0
0
0
0
0
0
0
0
0
0
0
0
0
0
0
0
0
0
0
0
0
0
0
0
0
0
0
0
0
0
0
0
0
0
0
0
0
0
0
0
0
0
0
0
0
0
0
0
0
0
0
0
0
0
0
0
0
0
0
0
0
0
0
0
0
0
0
0
0
0
0
0
0
0
0
0
0
0
0
0
0
0
0
0
0
0
0
0
0
0
0
0
0
0
0
0
0
0
0
0
0
0
0
0
0
0
0
0
0
0
0
0
0
0
0
0
0
0
0
0
0
0
0
0
0
0
0
0
0
0
0
0
0
0
0
0
0
0
0
0
0
0
0
0
0
0
0
0
0
0
0
0
0
0
0
0
0
0
0
0
0
0
0
0
0
0
0
0
0
0
0
0
0
0
0
0
0
0
0
0
0
0
0
0
0
0
0
0
0
0
0
0
0
0
0
0
0
0
0
0
0
0
0
0
0
0
0
0
0
0
0
0
0
0
0
0
0
0
0
0
0
0
0
0
0
0
0
0
0
0
0
0
0
0
0
0
0
0
0
0
0
0
0
0
0
0
0
0
0
0
0
0
0
0
0
0
0
0
0
0
0
0
0
0
0
0
0
0
0
0
0
0
0
0
0
0
0
0
0
0
0
0
0
0
0
0
0
0
0
0
0
0
0
0
0
0
0
0
0
0
0
0
0
0
0
0
0
0
0
0
0
0
0
0
0
0
0
0
0
0
0
0
0
0
0
0
0
0
0
0
0
0
0
0
0
0
0
0
0
0
0
0
0
0
0
0
0
0
0
0
0
0
0
0
0
0
0
0
0
0
0
0
0
0
0
0
0
0
0
0
0
0
0
0
0
0
0
0
0
0
0
0
0
0
0
0
0
0
0
0
0
0
0
0
0
0
0
0
0
0
0
0
0
0
0
0
0
0
0
0
0
0
0
0
0
0
0
0
0
0
0
0
0
0
0
0
0
0
0
0
0
0
0
0
0
0
0
0
0
0
0
0
0
0
0
0
0
0
0
0
0
0
0
0
0
0
0
0
0
0
0
0
0
0
0
0
0
0
0
0
0
0
0
0
0
0
0
0
0
0
0
0
0
0
0
0
0
0
0
0
0
0
0
0
0
0
0
0
0
0
0
0
0
0
0
0
0
0
0
0
0
0
0
0
0
0
0
0
