0
0
0
0
0
0
0
0
0
0
0
0
0
0
0
0
0
0
1
1
1
1
1
1
1
1
2
3
5
5
5
5
5
5
5
9
12
15
16
16
16
16
16
16
19
24
25
28
29
29
29
29
29
33
33
33
33
33
33
33
33
33
39
47
47
47
47
47
47
47
47
50
58
75
75
75
75
75
75
75
80
85
93
102
102
102
102
102
102
104
108
113
126
133
133
133
133
133
138
138
138
138
138
138
138
138
138
157
182
182
182
182
182
182
182
182
188
216
255
255
255
255
255
255
255
267
278
314
332
332
332
332
332
332
343
356
370
390
403
403
403
403
403
418
418
418
418
418
418
418
418
418
451
484
484
484
484
484
484
484
484
508
574
623
623
623
623
623
623
623
650
668
696
721
721
721
721
721
721
743
764
780
810
820
820
820
820
820
844
844
844
844
844
844
844
844
844
884
923
923
923
923
923
923
923
923
942
1009
1068
1068
1068
1068
1068
1068
1068
1093
1120
1194
1236
1236
1236
1236
1236
1236
1266
1293
1326
1366
1377
1377
1377
1377
1377
1407
1407
1407
1407
1407
1407
1407
1407
1407
1469
1536
1536
1536
1536
1536
1536
1536
1536
1570
1669
1749
1749
1749
1749
1749
1749
1749
1785
1817
1901
1946
1946
1946
1946
1946
1946
1983
2022
2062
2105
2123
2123
2123
2123
2123
2160
2160
2160
2160
2160
2160
2160
2160
2160
2231
2318
2318
2318
2318
2318
2318
2318
2318
2350
2456
2539
2539
2539
2539
2539
2539
2539
2588
2617
2708
2765
2765
2765
2765
2765
2765
2800
2834
2866
2918
2939
2939
2939
2939
2939
2969
2969
2969
2969
2969
2969
2969
2969
2969
3038
3102
3102
3102
3102
3102
3102
3102
3102
3143
3247
3349
3349
3349
3349
3349
3349
3349
3378
3423
3515
3561
3561
3561
3561
3561
3561
3600
3641
3680
3751
3771
3771
3771
3771
3771
3810
3810
3810
3810
3810
3810
3810
3810
3810
3883
3974
3974
3974
3974
3974
3974
3974
3974
4021
4132
4226
4226
4226
4226
4226
4226
4226
4270
4325
4416
4477
4477
4477
4477
4477
4477
4528
4559
4594
4651
4670
4670
4670
4670
4670
4711
4711
4711
4711
4711
4711
4711
4711
4711
4795
4863
4863
4863
4863
4863
4863
4863
4863
4906
5025
5118
5118
5118
5118
5118
5118
5118
5174
5210
5312
5373
5373
5373
5373
5373
5373
5417
5455
5493
5547
5567
5567
5567
5567
5567
5608
5608
5608
5608
5608
5608
5608
5608
5608
5694
5779
5779
5779
5779
5779
5779
5779
5779
5825
5940
6045
6045
6045
6045
6045
6045
6045
6093
6142
6243
6295
6295
6295
6295
6295
6295
6324
6365
6416
6464
6484
6484
6484
6484
6484
6521
6521
6521
6521
6521
6521
6521
6521
6521
6594
6660
6660
6660
6660
6660
6660
6660
6660
6707
6816
6906
6906
6906
6906
6906
6906
6906
6932
6974
7063
7107
7107
7107
7107
7107
7107
7157
7186
7225
7267
7284
7284
7284
7284
7284
7314
7314
7314
7314
7314
7314
7314
7314
7314
7382
7441
7441
7441
7441
7441
7441
7441
7441
7468
7566
7640
7640
7640
7640
7640
7640
7640
7673
7715
7800
7833
7833
7833
7833
7833
7833
7864
7891
7925
7966
7985
7985
7985
7985
7985
8018
8018
8018
8018
8018
8018
8018
8018
8018
8075
8120
8120
8120
8120
8120
8120
8120
8120
8145
8232
8292
8292
8292
8292
8292
8292
8292
8313
8335
8397
8442
8442
8442
8442
8442
8442
8471
8495
8524
8568
8580
8580
8580
8580
8580
8610
8610
8610
8610
8610
8610
8610
8610
8610
8651
8698
8698
8698
8698
8698
8698
8698
8698
8720
8788
8840
8840
8840
8840
8840
8840
8840
8860
8878
8928
8973
8973
8973
8973
8973
8973
8994
9012
9029
9054
9063
9063
9063
9063
9063
9069
9069
9069
9069
9069
9069
9069
9069
9069
9113
9153
9153
9153
9153
9153
9153
9153
9153
9176
9241
9270
9270
9270
9270
9270
9270
9270
9289
9303
9335
9359
9359
9359
9359
9359
9359
9373
9389
9402
9421
9427
9427
9427
9427
9427
9439
9439
9439
9439
9439
9439
9439
9439
9439
9468
9499
9499
9499
9499
9499
9499
9499
9499
9505
9549
9572
9572
9572
9572
9572
9572
9572
9583
9596
9622
9639
9639
9639
9639
9639
9639
9646
9654
9664
9674
9677
9677
9677
9677
9677
9686
9686
9686
9686
9686
9686
9686
9686
9686
9701
9718
9718
9718
9718
9718
9718
9718
9718
9726
9746
9766
9766
9766
9766
9766
9766
9766
9776
9787
9803
9819
9819
9819
9819
9819
9819
9824
9825
9833
9839
9842
9842
9842
9842
9842
9844
9844
9844
9844
9844
9844
9844
9844
9844
9849
9861
9861
9861
9861
9861
9861
9861
9861
9868
9883
9890
9890
9890
9890
9890
9890
9890
9899
9904
9916
9919
9919
9919
9919
9919
9919
9925
9927
9931
9933
9934
9934
9934
9934
9934
9938
9938
9938
9938
9938
9938
9938
9938
9938
9945
9954
9954
9954
9954
9954
9954
9954
9954
9957
9968
9976
9976
9976
9976
9976
9976
9976
9978
9979
9984
9986
9986
9986
9986
9986
9986
9987
9987
9988
9989
9989
9989
9989
9989
9989
9989
9989
9989
9989
9989
9989
9989
9989
9989
9992
9995
9995
9995
9995
9995
9995
9995
9995
9995
9996
9997
9997
9997
9997
9997
9997
9997
9997
9998
9998
9998
9998
9998
9998
9998
9998
10000
10000
10000
10000
10000
10000
10000
10000
10000
10000
10000
10000
10000
10000
10000
10000
10000
10000
10000
10000
10000
10000
10000
10000
10000
10000
10000
10000
10000
10000
10000
10000
10000
10000
10000
10000
10000
10000
10000
10000
10000
10000
10000
10000
10000
10000
10000
10000
10000
10000
10000
10000
10000
10000
10000
10000
10000
10000
10000
10000
10000
10000
10000
10000
10000
10000
10000
10000
10000
10000
10000
10000
10000
10000
10000
10000
10000
10000
10000
10000
10000
10000
10000
10000
10000
10000
10000
10000
10000
10000
10000
10000
10000
10000
10000
10000
10000
10000
10000
10000
10000
10000
10000
10000
10000
10000
10000
10000
10000
10000
10000
10000
10000
10000
10000
10000
10000
10000
10000
10000
10000
10000
10000
10000
10000
10000
10000
10000
10000
10000
10000
10000
10000
10000
10000
10000
10000
10000
10000
10000
10000
10000
10000
10000
10000
10000
10000
10000
10000
10000
10000
10000
10000
10000
10000
10000
10000
10000
10000
10000
10000
10000
10000
10000
10000
10000
10000
10000
10000
10000
10000
10000
10000
10000
10000
10000
10000
10000
10000
10000
10000
10000
10000
10000
10000
10000
10000
10000
10000
10000
10000
10000
10000
10000
10000
10000
10000
10000
10000
10000
10000
10000
10000
10000
10000
10000
10000
10000
10000
10000
10000
10000
10000
10000
10000
10000
10000
10000
10000
10000
10000
10000
10000
10000
10000
10000
10000
10000
10000
10000
10000
10000
10000
10000
10000
10000
10000
10000
10000
10000
10000
10000
10000
10000
10000
10000
10000
10000
10000
10000
10000
10000
10000
10000
10000
10000
10000
10000
10000
10000
10000
10000
10000
10000
10000
10000
10000
10000
10000
10000
10000
10000
10000
10000
10000
10000
10000
10000
10000
10000
10000
10000
10000
10000
10000
10000
10000
10000
10000
10000
10000
10000
10000
10000
10000
10000
10000
10000
10000
10000
10000
10000
10000
10000
10000
10000
10000
10000
10000
10000
10000
10000
10000
10000
10000
10000
10000
10000
10000
10000
10000
10000
10000
10000
10000
10000
10000
10000
10000
10000
10000
10000
10000
10000
10000
10000
10000
10000
10000
10000
10000
10000
10000
10000
10000
10000
10000
10000
10000
10000
10000
10000
10000
10000
10000
10000
10000
10000
10000
10000
10000
10000
10000
10000
10000
10000
10000
10000
10000
10000
10000
10000
10000
10000
10000
10000
10000
10000
10000
10000
10000
10000
10000
10000
10000
10000
10000
10000
10000
10000
10000
10000
10000
10000
10000
10000
10000
10000
10000
10000
10000
10000
10000
10000
10000
10000
10000
10000
10000
10000
10000
10000
10000
10000
10000
10000
10000
10000
10000
10000
10000
10000
10000
10000
10000
10000
10000
10000
10000
10000
10000
10000
10000
10000
10000
10000
10000
10000
10000
10000
10000
10000
10000
10000
10000
10000
10000
10000
10000
10000
10000
10000
10000
10000
10000
10000
10000
10000
10000
10000
10000
10000
10000
10000
10000
10000
10000
10000
10000
10000
10000
10000
10000
10000
10000
10000
10000
10000
10000
10000
10000
10000
10000
10000
10000
10000
10000
10000
10000
10000
10000
10000
10000
10000
10000
10000
10000
10000
10000
10000
10000
10000
10000
10000
10000
10000
10000
10000
10000
10000
10000
10000
10000
10000
10000
10000
10000
10000
10000
10000
10000
10000
10000
10000
10000
10000
10000
10000
10000
10000
10000
10000
10000
10000
10000
10000
10000
10000
10000
10000
10000
10000
10000
10000
10000
10000
10000
10000
10000
10000
10000
10000
10000
10000
10000
10000
10000
10000
10000
10000
10000
10000
10000
10000
10000
10000
10000
10000
10000
10000
10000
10000
10000
10000
10000
10000
10000
10000
10000
10000
10000
10000
10000
10000
10000
10000
10000
10000
10000
10000
10000
10000
10000
10000
10000
10000
10000
10000
10000
10000
10000
10000
10000
10000
10000
10000
10000
10000
10000
10000
10000
10000
10000
10000
10000
10000
10000
10000
10000
10000
10000
10000
10000
10000
10000
10000
10000
10000
10000
10000
10000
10000
10000
10000
10000
10000
10000
10000
10000
10000
10000
10000
10000
10000
10000
10000
10000
10000
10000
10000
10000
10000
10000
10000
10000
10000
10000
10000
10000
10000
10000
10000
10000
10000
10000
10000
10000
10000
10000
10000
10000
10000
10000
10000
10000
10000
10000
10000
10000
10000
10000
10000
10000
10000
10000
10000
10000
10000
10000
10000
10000
10000
10000
10000
10000
10000
10000
10000
10000
10000
10000
10000
10000
10000
10000
10000
10000
10000
10000
10000
10000
10000
10000
10000
10000
10000
10000
10000
10000
10000
10000
10000
10000
10000
10000
10000
10000
10000
10000
10000
10000
10000
10000
10000
10000
10000
10000
10000
10000
10000
10000
10000
10000
10000
10000
10000
10000
10000
10000
10000
10000
10000
10000
10000
10000
10000
10000
10000
10000
10000
10000
10000
10000
10000
10000
10000
10000
10000
10000
10000
10000
10000
10000
10000
10000
10000
10000
10000
10000
10000
10000
10000
10000
10000
10000
10000
10000
10000
10000
10000
10000
10000
10000
10000
10000
10000
10000
10000
10000
10000
10000
10000
10000
10000
10000
10000
10000
10000
10000
10000
10000
10000
10000
10000
10000
10000
10000
10000
10000
10000
10000
10000
10000
10000
10000
10000
10000
10000
10000
10000
10000
10000
10000
10000
10000
10000
10000
10000
10000
10000
10000
10000
10000
10000
10000
10000
10000
10000
10000
10000
10000
10000
10000
10000
10000
10000
10000
10000
10000
10000
10000
10000
10000
10000
10000
10000
10000
10000
10000
10000
10000
10000
10000
10000
10000
10000
10000
10000
10000
10000
10000
10000
10000
10000
10000
10000
10000
10000
10000
10000
10000
10000
10000
10000
10000
10000
10000
10000
10000
10000
10000
10000
10000
10000
10000
10000
10000
10000
10000
10000
10000
10000
10000
10000
10000
10000
10000
10000
10000
10000
10000
10000
10000
10000
10000
10000
10000
10000
10000
10000
10000
10000
10000
10000
10000
10000
10000
10000
10000
10000
10000
10000
10000
10000
10000
10000
10000
10000
10000
10000
10000
10000
10000
10000
10000
10000
10000
10000
10000
10000
10000
10000
10000
10000
10000
10000
10000
10000
10000
10000
10000
10000
10000
10000
10000
10000
10000
10000
10000
10000
10000
10000
10000
10000
10000
10000
10000
10000
10000
10000
10000
10000
10000
10000
10000
10000
10000
10000
10000
10000
10000
10000
10000
10000
10000
10000
10000
10000
10000
10000
10000
10000
10000
10000
10000
10000
10000
10000
10000
10000
10000
10000
10000
10000
10000
10000
10000
10000
10000
10000
10000
10000
10000
10000
10000
10000
10000
10000
10000
10000
10000
10000
10000
10000
10000
10000
10000
10000
10000
10000
10000
10000
10000
10000
10000
10000
