0
0
0
0
0
0
0
0
0
0
0
0
0
0
0
0
0
0
1
1
1
1
1
1
1
1
2
3
5
5
5
5
5
5
5
9
12
15
16
16
16
16
16
16
19
24
25
28
29
29
29
29
29
33
33
33
33
33
33
33
33
33
39
47
47
47
47
47
47
47
47
50
58
74
75
75
75
75
75
75
79
85
93
100
102
102
102
102
102
104
108
111
124
133
133
133
133
133
138
138
138
138
138
138
138
138
138
154
180
182
182
182
182
182
182
182
188
212
242
255
255
255
255
255
255
267
277
308
331
332
332
332
332
332
343
352
369
389
402
403
403
403
403
418
418
418
418
418
418
418
418
418
449
481
484
484
484
484
484
484
484
507
553
601
619
623
623
623
623
623
642
668
692
719
721
721
721
721
721
740
763
779
805
820
820
820
820
820
843
844
844
844
844
844
844
844
844
877
911
923
923
923
923
923
923
923
937
978
1025
1046
1066
1068
1068
1068
1068
1082
1109
1156
1201
1224
1236
1236
1236
1236
1252
1279
1316
1352
1373
1377
1377
1377
1377
1404
1407
1407
1407
1407
1407
1407
1407
1407
1448
1496
1516
1535
1536
1536
1536
1536
1536
1561
1615
1669
1718
1745
1749
1749
1749
1749
1780
1812
1862
1908
1935
1946
1946
1946
1946
1975
2009
2050
2089
2119
2123
2123
2123
2123
2157
2160
2160
2160
2160
2160
2160
2160
2160
2206
2258
2292
2313
2318
2318
2318
2318
2318
2339
2393
2447
2491
2516
2532
2539
2539
2539
2561
2602
2654
2702
2738
2759
2765
2765
2765
2791
2827
2859
2900
2931
2939
2939
2939
2939
2963
2969
2969
2969
2969
2969
2969
2969
2969
3011
3062
3093
3102
3102
3102
3102
3102
3102
3121
3172
3226
3273
3306
3332
3349
3349
3349
3367
3403
3454
3497
3530
3547
3561
3561
3561
3590
3626
3668
3716
3753
3770
3771
3771
3771
3798
3810
3810
3810
3810
3810
3810
3810
3810
3839
3891
3931
3953
3969
3974
3974
3974
3974
3999
4053
4107
4157
4192
4213
4225
4226
4226
4245
4290
4339
4392
4429
4455
4476
4477
4477
4507
4545
4581
4624
4660
4670
4670
4670
4670
4703
4711
4711
4711
4711
4711
4711
4711
4711
4732
4779
4819
4845
4863
4863
4863
4863
4863
4889
4940
4993
5044
5087
5109
5118
5118
5118
5156
5197
5250
5303
5337
5360
5373
5373
5373
5405
5442
5478
5520
5556
5567
5567
5567
5567
5594
5608
5608
5608
5608
5608
5608
5608
5608
5642
5695
5735
5753
5776
5779
5779
5779
5779
5802
5856
5910
5958
5996
6025
6044
6045
6045
6073
6120
6174
6224
6249
6282
6294
6295
6295
6312
6352
6397
6445
6473
6484
6484
6484
6484
6507
6519
6521
6521
6521
6521
6521
6521
6521
6557
6609
6644
6656
6660
6660
6660
6660
6660
6686
6738
6792
6842
6873
6892
6906
6906
6906
6926
6960
7009
7055
7085
7102
7107
7107
7107
7135
7174
7210
7252
7280
7284
7284
7284
7284
7309
7314
7314
7314
7314
7314
7314
7314
7314
7354
7406
7436
7441
7441
7441
7441
7441
7441
7463
7505
7558
7597
7622
7635
7640
7640
7640
7665
7702
7748
7790
7816
7827
7833
7833
7833
7852
7885
7922
7961
7982
7985
7985
7985
7985
8015
8018
8018
8018
8018
8018
8018
8018
8018
8062
8103
8118
8120
8120
8120
8120
8120
8120
8133
8177
8230
8273
8290
8292
8292
8292
8292
8312
8329
8372
8416
8439
8442
8442
8442
8442
8462
8488
8519
8555
8575
8580
8580
8580
8580
8607
8610
8610
8610
8610
8610
8610
8610
8610
8643
8684
8696
8698
8698
8698
8698
8698
8698
8714
8759
8803
8825
8840
8840
8840
8840
8840
8856
8875
8913
8951
8970
8973
8973
8973
8973
8992
9009
9026
9048
9061
9063
9063
9063
9063
9069
9069
9069
9069
9069
9069
9069
9069
9069
9100
9142
9153
9153
9153
9153
9153
9153
9153
9172
9221
9259
9270
9270
9270
9270
9270
9270
9283
9303
9328
9354
9359
9359
9359
9359
9359
9373
9387
9400
9421
9427
9427
9427
9427
9427
9438
9439
9439
9439
9439
9439
9439
9439
9439
9466
9495
9499
9499
9499
9499
9499
9499
9499
9505
9541
9570
9572
9572
9572
9572
9572
9572
9582
9595
9614
9634
9639
9639
9639
9639
9639
9645
9653
9663
9674
9677
9677
9677
9677
9677
9686
9686
9686
9686
9686
9686
9686
9686
9686
9701
9718
9718
9718
9718
9718
9718
9718
9718
9726
9745
9763
9766
9766
9766
9766
9766
9766
9776
9786
9800
9817
9819
9819
9819
9819
9819
9824
9825
9833
9839
9842
9842
9842
9842
9842
9844
9844
9844
9844
9844
9844
9844
9844
9844
9849
9861
9861
9861
9861
9861
9861
9861
9861
9868
9881
9890
9890
9890
9890
9890
9890
9890
9899
9904
9916
9919
9919
9919
9919
9919
9919
9925
9927
9931
9933
9934
9934
9934
9934
9934
9938
9938
9938
9938
9938
9938
9938
9938
9938
9945
9954
9954
9954
9954
9954
9954
9954
9954
9957
9968
9976
9976
9976
9976
9976
9976
9976
9978
9979
9984
9986
9986
9986
9986
9986
9986
9987
9987
9988
9989
9989
9989
9989
9989
9989
9989
9989
9989
9989
9989
9989
9989
9989
9989
9992
9995
9995
9995
9995
9995
9995
9995
9995
9995
9996
9997
9997
9997
9997
9997
9997
9997
9997
9998
9998
9998
9998
9998
9998
9998
9998
10000
10000
10000
10000
10000
10000
10000
10000
10000
10000
10000
10000
10000
10000
10000
10000
10000
10000
10000
10000
10000
10000
10000
10000
10000
10000
10000
10000
10000
10000
10000
10000
10000
10000
10000
10000
10000
10000
10000
10000
10000
10000
10000
10000
10000
10000
10000
10000
10000
10000
10000
10000
10000
10000
10000
10000
10000
10000
10000
10000
10000
10000
10000
10000
10000
10000
10000
10000
10000
10000
10000
10000
10000
10000
10000
10000
10000
10000
10000
10000
10000
10000
10000
10000
10000
10000
10000
10000
10000
10000
10000
10000
10000
10000
10000
10000
10000
10000
10000
10000
10000
10000
10000
10000
10000
10000
10000
10000
10000
10000
10000
10000
10000
10000
10000
10000
10000
10000
10000
10000
10000
10000
10000
10000
10000
10000
10000
10000
10000
10000
10000
10000
10000
10000
10000
10000
10000
10000
10000
10000
10000
10000
10000
10000
10000
10000
10000
10000
10000
10000
10000
10000
10000
10000
10000
10000
10000
10000
10000
10000
10000
10000
10000
10000
10000
10000
10000
10000
10000
10000
10000
10000
10000
10000
10000
10000
10000
10000
10000
10000
10000
10000
10000
10000
10000
10000
10000
10000
10000
10000
10000
10000
10000
10000
10000
10000
10000
10000
10000
10000
10000
10000
10000
10000
10000
10000
10000
10000
10000
10000
10000
10000
10000
10000
10000
10000
10000
10000
10000
10000
10000
10000
10000
10000
10000
10000
10000
10000
10000
10000
10000
10000
10000
10000
10000
10000
10000
10000
10000
10000
10000
10000
10000
10000
10000
10000
10000
10000
10000
10000
10000
10000
10000
10000
10000
10000
10000
10000
10000
10000
10000
10000
10000
10000
10000
10000
10000
10000
10000
10000
10000
10000
10000
10000
10000
10000
10000
10000
10000
10000
10000
10000
10000
10000
10000
10000
10000
10000
10000
10000
10000
10000
10000
10000
10000
10000
10000
10000
10000
10000
10000
10000
10000
10000
10000
10000
10000
10000
10000
10000
10000
10000
10000
10000
10000
10000
10000
10000
10000
10000
10000
10000
10000
10000
10000
10000
10000
10000
10000
10000
10000
10000
10000
10000
10000
10000
10000
10000
10000
10000
10000
10000
10000
10000
10000
10000
10000
10000
10000
10000
10000
10000
10000
10000
10000
10000
10000
10000
10000
10000
10000
10000
10000
10000
10000
10000
10000
10000
10000
10000
10000
10000
10000
10000
10000
10000
10000
10000
10000
10000
10000
10000
10000
10000
10000
10000
10000
10000
10000
10000
10000
10000
10000
10000
10000
10000
10000
10000
10000
10000
10000
10000
10000
10000
10000
10000
10000
10000
10000
10000
10000
10000
10000
10000
10000
10000
10000
10000
10000
10000
10000
10000
10000
10000
10000
10000
10000
10000
10000
10000
10000
10000
10000
10000
10000
10000
10000
10000
10000
10000
10000
10000
10000
10000
10000
10000
10000
10000
10000
10000
10000
10000
10000
10000
10000
10000
10000
10000
10000
10000
10000
10000
10000
10000
10000
10000
10000
10000
10000
10000
10000
10000
10000
10000
10000
10000
10000
10000
10000
10000
10000
10000
10000
10000
10000
10000
10000
10000
10000
10000
10000
10000
10000
10000
10000
10000
10000
10000
10000
10000
10000
10000
10000
10000
10000
10000
10000
10000
10000
10000
10000
10000
10000
10000
10000
10000
10000
10000
10000
10000
10000
10000
10000
10000
10000
10000
10000
10000
10000
10000
10000
10000
10000
10000
10000
10000
10000
10000
10000
10000
10000
10000
10000
10000
10000
10000
10000
10000
10000
10000
10000
10000
10000
10000
10000
10000
10000
10000
10000
10000
10000
10000
10000
10000
10000
10000
10000
10000
10000
10000
10000
10000
10000
10000
10000
10000
10000
10000
10000
10000
10000
10000
10000
10000
10000
10000
10000
10000
10000
10000
10000
10000
10000
10000
10000
10000
10000
10000
10000
10000
10000
10000
10000
10000
10000
10000
10000
10000
10000
10000
10000
10000
10000
10000
10000
10000
10000
10000
10000
10000
10000
10000
10000
10000
10000
10000
10000
10000
10000
10000
10000
10000
10000
10000
10000
10000
10000
10000
10000
10000
10000
10000
10000
10000
10000
10000
10000
10000
10000
10000
10000
10000
10000
10000
10000
10000
10000
10000
10000
10000
10000
10000
10000
10000
10000
10000
10000
10000
10000
10000
10000
10000
10000
10000
10000
10000
10000
10000
10000
10000
10000
10000
10000
10000
10000
10000
10000
10000
10000
10000
10000
10000
10000
10000
10000
10000
10000
10000
10000
10000
10000
10000
10000
10000
10000
10000
10000
10000
10000
10000
10000
10000
10000
10000
10000
10000
10000
10000
10000
10000
10000
10000
10000
10000
10000
10000
10000
10000
10000
10000
10000
10000
10000
10000
10000
10000
10000
10000
10000
10000
10000
10000
10000
10000
10000
10000
10000
10000
10000
10000
10000
10000
10000
10000
10000
10000
10000
10000
10000
10000
10000
10000
10000
10000
10000
10000
10000
10000
10000
10000
10000
10000
10000
10000
10000
10000
10000
10000
10000
10000
10000
10000
10000
10000
10000
10000
10000
10000
10000
10000
10000
10000
10000
10000
10000
10000
10000
10000
10000
10000
10000
10000
10000
10000
10000
10000
10000
10000
10000
10000
10000
10000
10000
10000
10000
10000
10000
10000
10000
10000
10000
10000
10000
10000
10000
10000
10000
10000
10000
10000
10000
10000
10000
10000
10000
10000
10000
10000
10000
10000
10000
10000
10000
10000
10000
10000
10000
10000
10000
10000
10000
10000
10000
10000
10000
10000
10000
10000
10000
10000
10000
10000
10000
10000
10000
10000
10000
10000
10000
10000
10000
10000
10000
10000
10000
10000
10000
10000
10000
10000
10000
10000
10000
10000
10000
10000
10000
10000
10000
10000
10000
10000
10000
10000
10000
10000
10000
10000
10000
10000
10000
10000
10000
10000
10000
10000
10000
10000
10000
10000
10000
10000
10000
10000
10000
10000
10000
10000
10000
10000
10000
10000
10000
10000
10000
10000
10000
10000
10000
10000
10000
10000
10000
10000
10000
10000
10000
10000
10000
10000
10000
10000
10000
10000
10000
10000
10000
10000
10000
10000
10000
10000
10000
10000
10000
10000
10000
10000
10000
10000
10000
10000
10000
10000
10000
10000
10000
10000
10000
10000
10000
10000
10000
10000
10000
10000
10000
10000
10000
10000
10000
10000
10000
10000
10000
10000
10000
10000
10000
10000
10000
10000
10000
10000
10000
10000
10000
10000
10000
10000
10000
10000
10000
10000
10000
10000
10000
10000
10000
10000
10000
10000
10000
10000
10000
10000
10000
10000
10000
10000
10000
10000
10000
10000
10000
10000
10000
10000
10000
10000
10000
10000
10000
10000
10000
10000
10000
10000
10000
10000
10000
10000
10000
10000
10000
10000
10000
10000
10000
10000
10000
10000
10000
10000
10000
10000
