0
0
0
0
0
0
0
0
0
0
0
0
0
0
0
0
0
0
0
1
0
0
0
0
0
0
0
1
1
2
0
0
0
0
0
0
4
3
3
1
0
0
0
0
0
3
5
1
3
1
0
0
0
0
4
0
0
0
0
0
0
0
0
6
8
0
0
0
0
0
0
0
3
8
16
1
0
0
0
0
0
4
6
8
7
2
0
0
0
0
2
4
3
13
9
0
0
0
0
5
0
0
0
0
0
0
0
0
16
26
2
0
0
0
0
0
0
6
24
30
13
0
0
0
0
0
12
10
31
23
1
0
0
0
0
11
9
17
20
13
1
0
0
0
15
0
0
0
0
0
0
0
0
31
32
3
0
0
0
0
0
0
23
46
48
18
4
0
0
0
0
19
26
24
27
2
0
0
0
0
19
23
16
26
15
0
0
0
0
23
1
0
0
0
0
0
0
0
33
34
12
0
0
0
0
0
0
14
41
47
21
20
2
0
0
0
14
27
47
45
23
12
0
0
0
16
27
37
36
21
4
0
0
0
27
3
0
0
0
0
0
0
0
41
48
20
19
1
0
0
0
0
25
54
54
49
27
4
0
0
0
31
32
50
46
27
11
0
0
0
29
34
41
39
30
4
0
0
0
34
3
0
0
0
0
0
0
0
46
52
34
21
5
0
0
0
0
21
54
54
44
25
16
7
0
0
22
41
52
48
36
21
6
0
0
26
36
32
41
31
8
0
0
0
24
6
0
0
0
0
0
0
0
42
51
31
9
0
0
0
0
0
19
51
54
47
33
26
17
0
0
18
36
51
43
33
17
14
0
0
29
36
42
48
37
17
1
0
0
27
12
0
0
0
0
0
0
0
29
52
40
22
16
5
0
0
0
25
54
54
50
35
21
12
1
0
19
45
49
53
37
26
21
1
0
30
38
36
43
36
10
0
0
0
33
8
0
0
0
0
0
0
0
21
47
40
26
18
0
0
0
0
26
51
53
51
43
22
9
0
0
38
41
53
53
34
23
13
0
0
32
37
36
42
36
11
0
0
0
27
14
0
0
0
0
0
0
0
34
53
40
18
23
3
0
0
0
23
54
54
48
38
29
19
1
0
28
47
54
50
25
33
12
1
0
17
40
45
48
28
11
0
0
0
23
12
2
0
0
0
0
0
0
36
52
35
12
4
0
0
0
0
26
52
54
50
31
19
14
0
0
20
34
49
46
30
17
5
0
0
28
39
36
42
28
4
0
0
0
25
5
0
0
0
0
0
0
0
40
52
30
5
0
0
0
0
0
22
42
53
39
25
13
5
0
0
25
37
46
42
26
11
6
0
0
19
33
37
39
21
3
0
0
0
30
3
0
0
0
0
0
0
0
44
41
15
2
0
0
0
0
0
13
44
53
43
17
2
0
0
0
20
17
43
44
23
3
0
0
0
20
26
31
36
20
5
0
0
0
27
3
0
0
0
0
0
0
0
33
41
12
2
0
0
0
0
0
16
45
44
22
15
0
0
0
0
16
19
38
38
19
3
0
0
0
19
17
17
22
13
2
0
0
0
6
0
0
0
0
0
0
0
0
31
42
11
0
0
0
0
0
0
19
49
38
11
0
0
0
0
0
13
20
25
26
5
0
0
0
0
14
14
13
21
6
0
0
0
0
11
1
0
0
0
0
0
0
0
27
29
4
0
0
0
0
0
0
6
36
29
2
0
0
0
0
0
10
13
19
20
5
0
0
0
0
6
8
10
11
3
0
0
0
0
9
0
0
0
0
0
0
0
0
15
17
0
0
0
0
0
0
0
8
19
18
3
0
0
0
0
0
10
10
14
17
2
0
0
0
0
5
1
8
6
3
0
0
0
0
2
0
0
0
0
0
0
0
0
5
12
0
0
0
0
0
0
0
7
13
9
0
0
0
0
0
0
9
5
12
3
0
0
0
0
0
6
2
4
2
1
0
0
0
0
4
0
0
0
0
0
0
0
0
7
9
0
0
0
0
0
0
0
3
11
8
0
0
0
0
0
0
2
1
5
2
0
0
0
0
0
1
0
1
1
0
0
0
0
0
0
0
0
0
0
0
0
0
0
3
3
0
0
0
0
0
0
0
0
1
1
0
0
0
0
0
0
0
1
0
0
0
0
0
0
0
2
0
0
0
0
0
0
0
0
0
0
0
0
0
0
0
0
0
0
0
0
0
0
0
0
0
0
0
0
0
0
0
0
0
0
0
0
0
0
0
0
0
0
0
0
0
0
0
0
0
0
0
0
0
0
0
0
0
0
0
0
0
0
0
0
0
0
0
0
0
0
0
0
0
0
0
0
0
0
0
0
0
0
0
0
0
0
0
0
0
0
0
0
0
0
0
0
0
0
0
0
0
0
0
0
0
0
0
0
0
0
0
0
0
0
0
0
0
0
0
0
0
0
0
0
0
0
0
0
0
0
0
0
0
0
0
0
0
0
0
0
0
0
0
0
0
0
0
0
0
0
0
0
0
0
0
0
0
0
0
0
0
0
0
0
0
0
0
0
0
0
0
0
0
0
0
0
0
0
0
0
0
0
0
0
0
0
0
0
0
0
0
0
0
0
0
0
0
0
0
0
0
0
0
0
0
0
0
0
0
0
0
0
0
0
0
0
0
0
0
0
0
0
0
0
0
0
0
0
0
0
0
0
0
0
0
0
0
0
0
0
0
0
0
0
0
0
0
0
0
0
0
0
0
0
0
0
0
0
0
0
0
0
0
0
0
0
0
0
0
0
0
0
0
0
0
0
0
0
0
0
0
0
0
0
0
0
0
0
0
0
0
0
0
0
0
0
0
0
0
0
0
0
0
0
0
0
0
0
0
0
0
0
0
0
0
0
0
0
0
0
0
0
0
0
0
0
0
0
0
0
0
0
0
0
0
0
0
0
0
0
0
0
0
0
0
0
0
0
0
0
0
0
0
0
0
0
0
0
0
0
0
0
0
0
0
0
0
0
0
0
0
0
0
0
0
0
0
0
0
0
0
0
0
0
0
0
0
0
0
0
0
0
0
0
0
0
0
0
0
0
0
0
0
0
0
0
0
0
0
0
0
0
0
0
0
0
0
0
0
0
0
0
0
0
0
0
0
0
0
0
0
0
0
0
0
0
0
0
0
0
0
0
0
0
0
0
0
0
0
0
0
0
0
0
0
0
0
0
0
0
0
0
0
0
0
0
0
0
0
0
0
0
0
0
0
0
0
0
0
0
0
0
0
0
0
0
0
0
0
0
0
0
0
0
0
0
0
0
0
0
0
0
0
0
0
0
0
0
0
0
0
0
0
0
0
0
0
0
0
0
0
0
0
0
0
0
0
0
0
0
0
0
0
0
0
0
0
0
0
0
0
0
0
0
0
0
0
0
0
0
0
0
0
0
0
0
0
0
0
0
0
0
0
0
0
0
0
0
0
0
0
0
0
0
0
0
0
0
0
0
0
0
0
0
0
0
0
0
0
0
0
0
0
0
0
0
0
0
0
0
0
0
0
0
0
0
0
0
0
0
0
0
0
0
0
0
0
0
0
0
0
0
0
0
0
0
0
0
0
0
0
0
0
0
0
0
0
0
0
0
0
0
0
0
0
0
0
0
0
0
0
0
0
0
0
0
0
0
0
0
0
0
0
0
0
0
0
0
0
0
0
0
0
0
0
0
0
0
0
0
0
0
0
0
0
0
0
0
0
0
0
0
0
0
0
0
0
0
0
0
0
0
0
0
0
0
0
0
0
0
0
0
0
0
0
0
0
0
0
0
0
0
0
0
0
0
0
0
0
0
0
0
0
0
0
0
0
0
0
0
0
0
0
0
0
0
0
0
0
0
0
0
0
0
0
0
0
0
0
0
0
0
0
0
0
0
0
0
0
0
0
0
0
0
0
0
0
0
0
0
0
0
0
0
0
0
0
0
0
0
0
0
0
0
0
0
0
0
0
0
0
0
0
0
0
0
0
0
0
0
0
0
0
0
0
0
0
0
0
0
0
0
0
0
0
0
0
0
0
0
0
0
0
0
0
0
0
0
0
0
0
0
0
0
0
0
0
0
0
0
0
0
0
0
0
0
0
0
0
0
0
0
0
0
0
0
0
0
0
0
0
0
0
0
0
0
0
0
0
0
0
0
0
0
0
0
0
0
0
0
0
0
0
0
0
0
0
0
0
0
0
0
0
0
0
0
0
0
0
0
0
0
0
0
0
0
0
0
0
0
0
0
0
0
0
0
0
0
0
0
0
0
0
0
0
0
0
0
0
0
0
0
0
0
0
0
0
0
0
0
0
0
0
0
0
0
0
0
0
0
0
0
0
0
0
0
0
0
0
0
0
0
0
0
0
0
0
0
0
0
0
0
0
0
0
0
0
0
0
0
0
0
0
0
0
0
0
0
0
0
0
0
0
0
0
0
0
0
0
0
0
0
0
0
0
0
0
0
0
0
0
0
0
0
0
0
0
0
0
0
0
0
0
0
0
0
0
0
0
0
0
0
0
0
0
0
0
0
0
0
0
0
0
0
0
