1
1
1
1
1
1
1
1
1
1
1
2
2
2
2
2
3
3
4
4
8
8
10
13
15
17
18
19
23
23
25
27
31
33
37
42
45
46
49
55
61
67
72
78
82
88
90
94
99
106
111
115
119
127
133
139
147
152
159
165
172
182
190
198
208
215
226
236
246
258
264
271
282
292
303
315
323
339
347
356
371
386
398
408
421
430
440
453
463
476
490
506
521
533
544
558
577
588
603
613
629
642
656
672
685
704
722
737
751
765
781
799
810
821
843
857
872
889
909
924
936
957
973
991
1017
1030
1053
1072
1088
1104
1122
1134
1155
1173
1185
1204
1222
1238
1256
1271
1283
1308
1327
1349
1372
1397
1416
1434
1457
1484
1499
1520
1535
1547
1566
1586
1602
1619
1639
1662
1677
1695
1715
1731
1746
1769
1786
1806
1829
1850
1870
1887
1903
1917
1933
1952
1974
1993
2016
2025
2043
2065
2084
2109
2132
2148
2169
2189
2213
2237
2256
2266
2281
2295
2313
2334
2353
2371
2390
2423
2442
2463
2487
2508
2526
2545
2563
2584
2600
2621
2641
2663
2683
2704
2724
2744
2755
2773
2793
2816
2837
2860
2879
2897
2912
2930
2944
2961
2980
2996
3013
3032
3043
3063
3080
3098
3123
3146
3167
3188
3211
3229
3245
3261
3280
3295
3314
3331
3358
3376
3393
3411
3433
3460
3482
3501
3527
3549
3565
3588
3609
3631
3646
3668
3693
3708
3729
3742
3759
3775
3788
3812
3837
3856
3877
3900
3924
3947
3971
3997
4019
4038
4057
4079
4105
4126
4150
4173
4187
4211
4226
4247
4268
4290
4316
4339
4360
4380
4405
4418
4443
4460
4479
4507
4524
4534
4556
4578
4598
4618
4639
4662
4680
4697
4714
4735
4759
4774
4797
4826
4847
4860
4877
4899
4918
4937
4955
4976
4994
5015
5035
5058
5081
5099
5120
5151
5167
5187
5203
5215
5237
5262
5283
5305
5327
5344
5358
5381
5404
5422
5448
5465
5490
5502
5519
5538
5557
5580
5604
5624
5640
5666
5685
5711
5729
5750
5768
5786
5808
5827
5851
5869
5892
5910
5930
5948
5972
5991
6010
6025
6045
6065
6080
6105
6123
6142
6168
6191
6211
6226
6245
6265
6279
6298
6320
6340
6361
6380
6398
6409
6428
6452
6471
6490
6509
6532
6551
6572
6593
6617
6630
6649
6664
6679
6698
6715
6735
6750
6766
6788
6805
6822
6841
6866
6889
6912
6936
6956
6979
7005
7026
7049
7067
7088
7105
7122
7139
7165
7187
7209
7224
7240
7252
7276
7294
7313
7335
7357
7368
7388
7410
7428
7449
7474
7490
7506
7531
7547
7564
7583
7599
7616
7640
7659
7677
7696
7719
7738
7763
7786
7810
7824
7845
7860
7885
7903
7915
7931
7947
7966
7984
8003
8023
8042
8058
8078
8094
8109
8132
8158
8179
8192
8215
8238
8257
8282
8306
8330
8351
8374
8394
8410
8427
8447
8474
8491
8505
8530
8552
8570
8591
8610
8625
8653
8665
8685
8699
8715
8740
8761
8776
8801
8818
8838
8860
8878
8896
8919
8943
8970
8991
9005
9026
9050
9078
9096
9116
9132
9152
9171
9189
9214
9235
9253
9274
9298
9316
9338
9362
9387
9409
9428
9448
9465
9482
9504
9526
9547
9566
9584
9604
9625
9649
9672
9688
9707
9724
9740
9756
9781
9802
9820
9841
9860
9886
9905
9929
9952
9969
9986
10000
10023
10043
10062
10080
10104
10122
10147
10168
10189
10211
10231
10250
10270
10293
10309
10325
10342
10361
10383
10402
10420
10442
10459
10477
10496
10512
10533
10550
10577
10600
10619
10640
10660
10683
10711
10732
10752
10776
10802
10830
10850
10867
10888
10904
10921
10943
10962
10980
10999
11018
11040
11065
11085
11096
11118
11130
11150
11164
11184
11203
11227
11247
11271
11290
11314
11331
11349
11361
11383
11405
11424
11444
11467
11490
11514
11537
11560
11581
11602
11625
11644
11668
11684
11709
11736
11764
11780
11804
11824
11845
11871
11900
11919
11943
11964
11985
12008
12027
12051
12070
12088
12107
12125
12143
12165
12185
12197
12217
12243
12260
12281
12301
12322
12344
12361
12377
12392
12412
12431
12449
12468
12491
12509
12528
12549
12568
12588
12603
12627
12652
12670
12696
12715
12739
12757
12772
12795
12817
12839
12857
12871
12895
12912
12929
12949
12970
12996
13015
13031
13054
13073
13098
13113
13129
13147
13171
13190
13205
13223
13242
13258
13282
13306
13337
13355
13376
13397
13424
13439
13456
13480
13498
13516
13544
13563
13580
13599
13624
13644
13667
13692
13707
13730
13750
13770
13787
13804
13818
13837
13867
13888
13908
13927
13944
13960
13987
14007
14028
14051
14070
14093
14117
14136
14154
14173
14193
14214
14240
14256
14270
14290
14315
14336
14362
14385
14401
14427
14446
14465
14481
14503
14527
14544
14568
14586
14615
14637
14654
14675
14694
14714
14737
14756
14771
14796
14811
14827
14846
14868
14891
14920
14939
14960
14980
15004
15027
15046
15062
15087
15107
15127
15147
15163
15189
15209
15226
15247
15270
15297
15316
15338
15355
15372
15392
15409
15435
15460
15481
15495
15515
15538
15557
15577
15601
15621
15642
15662
15682
15704
15731
15758
15777
15795
15813
15832
15849
15873
15892
15913
15935
15960
15978
16000
16019
16041
16059
16081
16104
16123
16143
16167
16195
16215
16231
16250
16277
16301
16320
16336
16360
16383
16398
16418
16440
16460
16478
16491
16512
16530
16551
16572
16591
16613
16639
16659
16680
16705
16726
16742
16766
16783
16803
16829
16850
16867
16883
16906
16924
16945
16964
16979
16996
17015
17039
17056
17069
17085
17111
17130
17149
17174
17197
17218
17238
17256
17280
17298
17318
17336
17361
17377
17396
17416
17435
17446
17466
17480
17500
17518
17536
17555
17575
17601
17624
17647
17670
17691
17706
17720
17744
17766
17785
17806
17826
17843
17856
17878
17904
17923
17944
17964
17988
18016
18041
18067
18087
18107
18125
18140
18159
18177
18196
18224
18240
18264
18292
18308
18330
18353
18375
18394
18415
18438
18458
18482
18501
18523
18541
18562
18579
18601
18626
18648
18662
18682
18703
18723
18742
18765
18789
18809
18829
18854
18868
18883
18902
18924
18942
18961
18975
18999
19019
19039
19063
19078
19101
19119
19136
19153
19173
19197
19216
19239
19260
19277
19297
19319
19340
19359
19382
19399
19417
19443
19463
19481
19500
19517
19535
19561
19586
19607
19629
19654
19672
19698
19708
19724
19742
19763
19782
19803
19822
19840
19861
19881
19892
19915
19936
19952
19975
19998
20022
20043
20068
20092
20116
20132
20152
20167
20184
20205
20221
20242
20260
20279
20297
20319
20342
20360
20382
20402
20421
20441
20458
20479
20503
20517
20529
20546
20567
20592
20611
20627
20650
20672
20691
20711
20736
20753
20772
20795
20814
20836
20854
20868
20893
20913
20932
20955
20971
20990
21011
21026
21053
21072
21087
21107
21128
21143
21172
21183
21205
21234
21255
21269
21284
21305
21327
21348
21374
21396
21412
21432
21446
21464
21484
21509
21529
21549
21572
21589
21610
21633
21660
21681
21694
21716
21734
21753
21776
21790
21807
21824
21843
21862
21877
21904
21920
21937
21955
21976
21994
22013
22023
22049
22070
22087
22111
22133
22155
22175
22197
22208
22230
22248
22266
22282
22300
22322
22340
22364
22380
22399
22419
22442
22466
22485
22504
22528
22548
22573
22589
22607
22624
22641
22661
22680
22707
22730
22751
22773
22791
22811
22828
22850
22870
22889
22908
22929
22945
22961
22983
23003
23022
23038
23055
23071
23084
23101
23121
23143
23168
23187
23211
23228
23244
23265
23287
23311
23332
23351
23366
23382
23399
23418
23437
23456
23479
23503
23519
23544
23562
23582
23600
23619
23631
23648
23664
23687
23707
23723
23747
23763
23780
23805
23831
23854
23875
23893
23919
23935
23960
23980
23997
24010
24027
24045
24062
24079
24104
24126
24147
24172
24192
24211
24229
24250
24278
24298
24318
24339
24358
24366
24386
24406
24423
24440
24453
24475
24496
24517
24534
24553
24573
24594
24615
24632
24655
24677
24699
24725
24744
24763
24790
24810
24832
24858
24884
24900
24922
24940
24957
24968
24981
25006
25025
25048
25068
25084
25103
25118
25141
25164
25185
25205
25225
25246
25261
25286
25308
25329
25353
25376
25392
25420
25444
25460
25474
25492
25514
25534
25552
25572
25594
25622
25639
25655
25672
25689
25714
25732
25753
25773
25792
25812
25829
25846
25865
25877
25899
25924
25949
25967
25980
25997
26017
26036
26060
26080
26099
26113
26127
26149
26169
26189
26209
26225
26242
26262
26280
26303
26323
26342
26363
26378
26396
26419
26444
26465
26489
26516
26537
26555
26575
26588
26614
26634
26654
26668
26688
26698
26719
26738
26758
26783
26804
26823
26842
26861
26882
26900
26929
26957
26968
26984
27007
27023
27039
27062
27075
27092
27110
27125
27149
27168
27188
27202
27222
27242
27263
27288
27311
27326
27348
27369
27385
27396
27416
27448
27476
27493
27521
27537
27555
27580
27604
27622
27636
27661
27686
27707
27728
27757
27775
27794
27824
27854
27878
27898
27918
27939
27959
27975
28001
28020
28037
28055
28077
28098
28114
28135
28156
28171
28186
28212
28231
28256
28278
28300
28314
28335
28355
28375
28396
28418
28443
28461
28479
28498
28521
28535
28555
28571
28588
28614
28639
28659
28685
28700
28715
28739
28760
28780
28806
28825
28851
28867
28887
28905
28925
28944
28960
28986
29011
29029
29046
29061
29079
29099
29121
29141
29161
29178
29191
29210
29230
29243
29263
29290
29316
29338
29350
29368
29389
29405
29424
29451
29471
29487
29496
29518
29541
29559
29579
29599
29614
29638
29657
29679
29694
29711
29735
29753
29767
29784
29805
29826
29845
29865
29882
29905
29929
29952
29972
29990
30017
30037
30058
30073
30091
30117
30140
30160
30186
30208
30221
30242
30265
30285
30305
30321
30343
30366
30386
30403
30418
30440
30463
30484
30502
30523
30545
30568
30589
30613
30634
30652
30672
30692
30713
30726
30746
30762
30786
30802
30825
30843
30868
30887
30907
30925
30950
30973
30993
31011
31030
31052
31071
31091
31115
31136
31157
31179
31205
31221
31238
31259
31279
31296
31313
31334
31351
31374
31396
31414
31430
31457
31469
31487
31511
31535
31557
31570
31587
31606
31625
31643
31664
31684
31710
31732
31756
31780
31797
31812
31828
31849
31871
31892
31922
31940
31961
31978
31995
32015
32035
32050
32072
32093
32107
32130
32148
32171
32191
32214
32240
32256
32280
32298
32321
32337
32357
32379
32402
32416
32433
32452
32472
32488
32506
32528
32548
32563
32579
32597
32621
32640
32659
32676
32694
32720
32742
32764
32782
32803
32824
32844
32862
32880
32894
32917
32939
32961
32983
33001
33030
33047
33062
33082
33106
33128
33150
33169
33191
33214
33237
33256
33275
33296
33319
33339
33363
33382
33398
33425
33453
33471
33489
33510
33536
33555
33571
33595
33616
33638
33657
33673
33699
33718
33738
33755
33776
33789
33816
33836
33857
33877
33899
33922
33944
33965
33988
34007
34027
34045
34062
34084
34107
34133
34157
34171
34202
34227
34254
34278
34293
34307
34321
34336
34356
34377
34398
34422
34442
34464
34483
34503
34525
34540
34564
34582
34600
34619
34634
34653
34679
34707
34728
34749
34769
34787
34811
34834
34860
34874
34894
34915
34940
34962
34982
35001
35022
35037
35062
35088
35109
35129
35151
35169
35190
35216
35235
35262
35281
35302
35320
35342
35365
35386
35410
35427
35447
35472
35487
35516
35538
35558
35580
35598
35615
35635
35653
35673
35686
35708
35728
35746
35762
35783
35799
35819
35846
35870
35890
35909
35930
35954
35970
35987
36011
36028
36047
36067
36083
36108
36126
36147
36166
36178
36199
36218
36242
36259
36279
36309
36331
36359
36377
36397
36418
36433
36457
36474
36502
36528
36542
36564
36591
36611
36634
36660
36676
36699
36714
36730
36753
36772
36792
36810
36826
36837
36856
36872
36895
36913
36934
36949
36969
36990
37010
37032
37050
37065
37091
37114
37132
37151
37170
37184
37207
37229
37246
37260
37280
37296
37314
37342
37362
37379
37407
37424
37440
37457
37472
37484
37508
37531
37554
37575
37591
37609
37624
37644
37668
37684
37701
37724
37743
37762
37781
37804
37825
37839
37856
37876
37890
37908
37930
37946
37966
37988
37998
38025
38045
38066
38085
38111
38129
38146
38167
38185
38214
38234
38256
38277
38295
38317
38340
38361
38380
38402
38429
38447
38473
38499
38514
38538
38558
38580
38600
38614
38632
38655
38676
38701
38719
38747
38763
38783
38798
38822
38843
38862
38884
38899
38920
38935
38953
38973
38995
39015
39035
39058
39072
39093
39115
39132
39152
39176
39197
39215
39234
39264
39289
39317
39339
39358
39380
39398
39416
39428
39448
39469
39492
39517
39542
39557
39579
39597
39616
39638
39659
39680
39707
39724
39742
39763
39784
39806
39826
39843
39855
39879
39895
39922
39943
39961
39977
39999
40023
40044
40060
40082
40112
40133
40151
40168
40193
40212
40225
40247
40265
40284
40308
40329
40350
40368
40390
40409
40433
40460
40482
40500
40517
40546
40563
40583
40604
40623
40640
40659
40679
40707
40730
40759
40780
40803
40821
40836
40848
40872
40889
40907
40925
40946
40965
40984
40999
41021
41042
41061
41082
41103
41126
41146
41169
41190
41207
41220
41239
41256
41276
41298
41324
41341
41359
41377
41404
41423
41437
41459
41483
41504
41522
41541
41558
41584
41601
41622
41642
41669
41690
41710
41730
41752
41770
41794
41815
41836
41845
41863
41884
41903
41925
41939
41961
41983
42005
42021
42039
42068
42092
42112
42124
42146
42157
42175
42195
42220
42243
42261
42273
42299
42322
42342
42353
42371
42388
42407
42422
42444
42467
42489
42508
42530
42548
42567
42586
42610
42634
42652
42669
42684
42701
42715
42732
42754
42778
42797
42817
42833
42851
42873
42891
42912
42927
42949
42968
42988
43006
43025
43041
43060
43079
43101
43120
43132
43151
43170
43194
43218
43242
43256
43271
43291
43311
43341
43365
43384
43406
43428
43448
43459
43481
43494
43506
43520
43537
43559
43574
43586
43605
43634
43653
43664
43681
43702
43722
43753
43773
43784
43808
43827
43848
43864
43887
43907
43925
43941
43959
43976
43995
44012
44025
44047
44071
44087
44105
44129
44146
44166
44175
44196
44218
44237
44255
44275
44294
44321
44338
44356
44375
44393
44414
44434
44447
44460
44476
44495
44515
44529
44548
44568
44589
44607
44622
44636
44661
44680
44699
44727
44746
44770
44796
44814
44829
44851
44862
44880
44899
44917
44937
44950
44972
44991
45009
45023
45038
45065
45080
45097
45112
45130
45149
45170
45195
45209
45232
45251
45265
45279
45291
45297
45313
45326
45348
45368
45385
45401
45425
45449
45470
45486
45511
45525
45542
45551
45569
45582
45599
45618
45637
45655
45674
45692
45705
45725
45740
45757
45779
45799
45817
45837
45862
45882
45901
45917
45917
45939
45960
45980
46002
46012
46034
46053
46072
46092
46116
46136
46152
46170
46192
46196
46222
46244
46265
46291
46314
46330
46351
46360
46380
46397
46413
46427
46445
46456
46476
46495
46521
46537
46562
46583
46599
46619
46635
46652
46656
46660
46679
46696
46713
46726
46743
46765
46767
46792
46811
46830
46854
46869
46880
46900
46919
46928
46938
46959
46959
46959
46977
46992
47003
47025
47040
47054
47074
47088
47105
47127
47146
47165
47190
47192
47197
47203
47216
47239
47254
47283
47303
47318
47333
47352
47380
47401
47423
47446
47464
47487
47513
47530
47545
47563
47563
47585
47593
47614
47624
47626
47643
47667
47676
47684
47701
47722
47728
47753
47777
47779
47782
47793
47815
47830
47851
47862
47875
47880
47897
47907
47923
47944
47962
47975
47995
48011
48027
48031
48047
48065
48079
48094
48116
48134
48134
48134
48156
48176
48195
48203
48219
48237
48237
48252
48268
48286
48302
48306
48325
48336
48358
48360
48362
48375
48375
48375
48383
48387
48412
48425
48437
48450
48460
48466
48484
48506
48514
48522
48542
48542
48542
48542
48550
48560
48581
48604
48622
48649
48657
48672
48689
48703
48721
48734
48737
48752
48765
48765
48771
48787
48787
48807
48815
48833
48843
48843
48847
48867
48870
48872
48879
48894
48896
48914
48930
48930
48932
48938
48962
48977
48989
49003
49009
49009
49024
49028
49037
49056
49077
49077
49091
49097
49117
49117
49119
49140
49159
49168
49198
49204
49204
49204
49216
49224
49230
49230
49245
49262
49262
49270
49291
49297
49297
49299
49323
49332
49353
49353
49353
49361
49361
49361
49361
49361
49380
49382
49382
49382
49388
49390
49403
49411
49413
49418
49431
49431
49431
49431
49433
49433
49450
49463
49477
49483
49483
49494
49511
49530
49541
49545
49549
49563
49580
49580
49580
49593
49593
49607
49607
49607
49614
49614
49614
49626
49626
49626
49628
49636
49636
49644
49664
49664
49664
49666
49674
49678
49680
49686
49686
49686
49692
49692
49694
49700
49717
49717
49719
49719
49725
49725
49725
49743
49747
49747
49765
49765
49765
49765
49767
49769
49769
49769
49774
49796
49796
49798
49800
49804
49804
49804
49818
49823
49825
49825
49825
49825
49825
49825
49825
49825
49832
49832
49832
49832
49832
49832
49838
49842
49842
49842
49850
49850
49850
49850
49850
49850
49858
49863
49865
49872
49872
49872
49882
49884
49884
49884
49884
49884
49905
49905
49905
49911
49911
49919
49919
49919
49919
49919
49919
49925
49925
49925
49925
49925
49925
49927
49934
49934
49934
49934
49934
49934
49934
49934
49934
49934
49934
49934
49934
49937
49946
49946
49946
49946
49946
49946
49946
49950
49950
49950
49961
49961
49961
49961
49961
49961
49961
49961
49961
49969
49969
49969
49969
49969
49969
49969
49977
49977
49977
49977
49977
49977
49977
49977
49977
49977
49977
49977
49977
49977
49977
49977
49977
49977
49977
49977
49977
49977
49977
49977
49977
49977
49977
49979
49979
49981
49981
49981
49981
49981
49981
49981
49981
49981
49983
49983
49983
49985
49985
49985
49985
49985
49985
49985
49985
49985
49985
49985
49985
49985
49985
49985
49985
49985
49985
49985
49985
49985
49985
49985
49985
49985
49985
49985
49985
49985
49987
49987
49987
49987
49987
49987
49987
49987
49987
49987
49987
49987
49987
49987
49987
49987
49987
49987
49987
49994
49994
49994
49994
49994
49994
49994
49998
49998
49998
49998
49998
49998
49998
49998
49998
49998
49998
49998
49998
49998
49998
49998
49998
49998
49998
49998
49998
49998
49998
49998
49998
49998
49998
49998
49998
49998
49998
49998
49998
49998
49998
49998
49998
49998
49998
49998
49998
49998
49998
49998
49998
49998
49998
49998
49998
49998
49998
49998
49998
49998
49998
49998
49998
49998
49998
49998
49998
49998
49998
49998
49998
49998
49998
49998
49998
49998
50000
50000
50000
50000
50000
50000
50000
50000
50000
50000
50000
50000
50000
50000
50000
50000
50000
