1
1
1
1
1
1
1
1
1
1
1
2
2
2
2
2
3
3
4
4
6
6
7
8
8
9
10
10
11
11
13
15
17
22
26
30
32
35
37
41
46
50
51
53
57
63
64
67
70
76
83
86
89
95
96
102
106
110
116
118
123
128
137
149
155
161
167
173
177
186
190
195
202
211
218
225
233
245
249
257
265
275
279
283
290
301
305
313
325
333
344
354
365
376
384
395
411
426
439
443
452
466
482
489
504
516
534
541
557
576
596
615
632
644
654
674
692
706
719
736
745
767
784
798
814
829
842
857
874
893
908
927
940
959
980
995
1010
1022
1042
1056
1076
1092
1104
1118
1142
1155
1176
1194
1215
1234
1254
1276
1295
1315
1338
1364
1385
1404
1423
1448
1472
1490
1509
1532
1556
1578
1601
1620
1633
1650
1670
1688
1708
1730
1746
1760
1779
1794
1819
1841
1861
1881
1901
1920
1946
1967
1985
2011
2030
2045
2066
2078
2102
2125
2140
2160
2180
2200
2222
2243
2258
2273
2299
2316
2336
2363
2381
2399
2414
2435
2454
2473
2491
2512
2531
2548
2569
2591
2607
2635
2653
2663
2680
2700
2724
2746
2759
2780
2802
2820
2841
2856
2870
2884
2902
2921
2943
2966
2988
3008
3036
3058
3076
3098
3119
3139
3164
3181
3203
3217
3234
3249
3270
3290
3306
3322
3344
3361
3376
3394
3419
3439
3460
3481
3502
3519
3539
3558
3579
3601
3621
3640
3663
3680
3706
3732
3753
3777
3797
3822
3838
3853
3878
3899
3922
3936
3952
3978
3995
4008
4026
4049
4066
4086
4104
4119
4139
4159
4179
4194
4214
4233
4254
4271
4293
4318
4345
4367
4383
4395
4412
4429
4453
4471
4494
4508
4533
4550
4575
4605
4624
4646
4669
4690
4711
4730
4752
4764
4779
4803
4821
4842
4870
4894
4912
4928
4943
4961
4984
5004
5029
5044
5067
5087
5105
5123
5146
5163
5185
5203
5221
5239
5258
5280
5297
5315
5332
5351
5375
5392
5417
5436
5457
5477
5499
5517
5538
5557
5580
5593
5616
5638
5661
5676
5694
5716
5736
5762
5775
5793
5813
5827
5850
5870
5886
5904
5919
5942
5961
5979
6003
6031
6046
6061
6086
6104
6128
6147
6174
6197
6211
6228
6252
6275
6294
6317
6341
6364
6384
6399
6413
6431
6448
6465
6487
6503
6524
6548
6570
6588
6610
6625
6648
6667
6693
6717
6738
6759
6784
6809
6830
6846
6869
6885
6912
6930
6954
6968
6991
7012
7030
7056
7072
7085
7102
7124
7143
7165
7187
7213
7231
7251
7274
7300
7322
7341
7365
7383
7404
7420
7444
7461
7481
7501
7517
7535
7560
7585
7604
7624
7640
7663
7688
7704
7725
7742
7760
7786
7801
7824
7843
7858
7879
7900
7920
7942
7965
7988
8015
8035
8053
8070
8085
8107
8124
8146
8173
8198
8221
8246
8263
8282
8297
8314
8327
8347
8364
8388
8411
8432
8447
8464
8483
8504
8521
8535
8557
8578
8600
8615
8629
8649
8669
8685
8701
8725
8744
8768
8793
8817
8836
8856
8877
8891
8911
8930
8954
8973
8994
9016
9034
9052
9071
9088
9108
9124
9143
9160
9179
9196
9216
9236
9256
9279
9298
9319
9338
9355
9374
9391
9410
9433
9453
9468
9482
9501
9518
9538
9559
9576
9596
9621
9648
9664
9686
9703
9719
9741
9765
9786
9800
9818
9839
9863
9885
9901
9922
9936
9960
9982
10004
10025
10048
10068
10091
10111
10130
10151
10170
10191
10209
10229
10246
10267
10287
10299
10317
10331
10351
10379
10404
10423
10440
10466
10482
10506
10523
10545
10565
10583
10600
10617
10638
10660
10682
10697
10713
10735
10755
10778
10802
10824
10843
10866
10888
10909
10927
10946
10970
10989
11003
11017
11038
11059
11080
11091
11107
11123
11147
11166
11186
11211
11229
11245
11262
11288
11308
11326
11348
11368
11386
11408
11428
11449
11466
11482
11502
11522
11541
11556
11578
11595
11611
11624
11641
11663
11682
11699
11727
11746
11763
11784
11811
11837
11865
11883
11905
11924
11948
11969
11992
12016
12039
12065
12089
12104
12122
12140
12161
12181
12202
12218
12239
12263
12283
12305
12320
12350
12370
12388
12407
12424
12446
12471
12492
12514
12533
12555
12576
12599
12624
12648
12671
12689
12710
12724
12738
12762
12783
12804
12821
12839
12863
12881
12900
12923
12948
12969
12989
13011
13032
13054
13078
13100
13124
13152
13175
13193
13215
13234
13249
13264
13283
13304
13322
13344
13358
13374
13396
13414
13428
13445
13463
13486
13511
13535
13563
13584
13607
13632
13657
13674
13693
13715
13734
13756
13775
13801
13827
13846
13874
13904
13924
13939
13955
13974
13997
14012
14029
14052
14072
14092
14113
14133
14153
14173
14197
14222
14244
14255
14272
14296
14318
14335
14353
14365
14383
14404
14420
14441
14463
14480
14501
14520
14540
14558
14577
14589
14611
14634
14655
14678
14697
14716
14738
14753
14768
14789
14805
14831
14848
14870
14887
14905
14922
14945
14962
14984
15008
15030
15044
15064
15092
15107
15120
15139
15160
15178
15196
15220
15241
15263
15284
15302
15323
15340
15358
15379
15400
15425
15458
15480
15501
15523
15552
15573
15592
15607
15629
15656
15669
15694
15714
15737
15762
15776
15801
15821
15839
15862
15882
15904
15924
15940
15959
15975
15991
16014
16038
16061
16085
16106
16133
16155
16170
16188
16212
16227
16243
16260
16281
16300
16322
16339
16361
16386
16406
16432
16460
16477
16495
16510
16529
16549
16571
16598
16614
16639
16660
16679
16697
16719
16743
16764
16784
16804
16829
16852
16867
16892
16914
16931
16955
16984
17005
17025
17043
17060
17080
17098
17117
17139
17158
17178
17201
17222
17238
17258
17276
17299
17319
17340
17357
17379
17394
17416
17439
17459
17480
17498
17517
17536
17555
17576
17598
17609
17628
17647
17668
17691
17704
17725
17750
17770
17791
17813
17826
17839
17865
17879
17907
17927
17948
17967
17985
18009
18025
18039
18062
18081
18104
18125
18141
18161
18180
18198
18222
18243
18260
18277
18298
18312
18328
18348
18370
18387
18410
18429
18449
18468
18489
18512
18533
18553
18578
18596
18618
18643
18662
18683
18708
18729
18745
18764
18781
18803
18815
18845
18870
18888
18906
18924
18947
18968
18994
19009
19027
19047
19065
19083
19100
19123
19142
19164
19179
19197
19218
19238
19260
19282
19301
19317
19342
19366
19392
19412
19432
19452
19471
19492
19509
19533
19550
19575
19591
19612
19628
19652
19669
19687
19714
19734
19752
19770
19790
19812
19831
19851
19869
19891
19906
19926
19940
19955
19977
20006
20023
20043
20063
20089
20110
20140
20162
20183
20209
20229
20247
20265
20288
20302
20331
20350
20372
20390
20411
20430
20446
20468
20488
20512
20532
20548
20567
20586
20604
20630
20651
20670
20689
20708
20727
20744
20771
20796
20815
20833
20858
20879
20899
20921
20944
20962
20982
20998
21028
21058
21084
21112
21133
21154
21175
21198
21214
21237
21254
21270
21305
21322
21339
21360
21376
21405
21421
21441
21457
21486
21506
21520
21536
21557
21575
21594
21612
21637
21658
21679
21700
21719
21742
21759
21780
21797
21816
21836
21851
21875
21892
21913
21935
21958
21973
21992
22019
22039
22052
22069
22090
22109
22132
22148
22163
22182
22209
22232
22263
22281
22302
22321
22340
22363
22383
22409
22435
22454
22477
22500
22519
22541
22561
22583
22596
22612
22637
22653
22671
22690
22714
22737
22761
22772
22796
22819
22837
22859
22884
22903
22924
22950
22971
22991
23010
23027
23050
23068
23094
23115
23127
23152
23171
23187
23205
23226
23245
23269
23291
23307
23329
23348
23375
23392
23416
23437
23456
23478
23492
23509
23528
23547
23569
23589
23605
23624
23651
23674
23693
23705
23723
23742
23760
23784
23800
23824
23852
23871
23886
23912
23931
23950
23972
23997
24025
24047
24069
24087
24108
24127
24145
24165
24181
24204
24230
24246
24261
24280
24298
24310
24330
24351
24369
24383
24402
24420
24439
24461
24482
24499
24521
24546
24560
24579
24600
24624
24643
24663
24685
24703
24723
24742
24760
24783
24808
24825
24848
24864
24885
24908
24933
24949
24973
24997
25022
25040
25060
25080
25098
25123
25145
25161
25179
25206
25228
25252
25270
25288
25311
25332
25357
25378
25400
25420
25441
25460
25478
25499
25513
25530
25548
25569
25586
25605
25625
25638
25659
25673
25689
25711
25731
25747
25769
25789
25813
25829
25850
25868
25892
25921
25944
25959
25974
25994
26016
26044
26056
26073
26090
26116
26140
26156
26180
26202
26226
26247
26268
26288
26310
26324
26344
26358
26379
26394
26412
26432
26451
26473
26497
26517
26531
26551
26574
26603
26618
26647
26664
26688
26707
26726
26748
26765
26781
26787
26809
26827
26847
26865
26885
26909
26925
26940
26957
26974
27001
27016
27041
27060
27076
27089
27096
27120
27138
27154
27164
27184
27201
27217
27240
27258
27279
27302
27321
27342
27359
27377
27388
27402
27423
27440
27461
27480
27497
27510
27532
27553
27572
27593
27610
27628
27646
27664
27680
27692
27712
27725
27739
27745
27757
27772
27777
27793
27799
27807
27829
27844
27860
27884
27895
27899
27914
27933
27953
27974
27995
28002
28017
28030
28039
28053
28074
28090
28099
28115
28131
28147
28167
28178
28196
28214
28234
28260
28272
28282
28298
28315
28334
28352
28371
28373
28383
28397
28411
28417
28423
28436
28448
28450
28467
28479
28498
28515
28535
28550
28565
28567
28573
28583
28596
28603
28609
28634
28638
28650
28658
28671
28694
28704
28717
28737
28745
28755
28767
28777
28791
28797
28817
28833
28842
28842
28857
28878
28901
28912
28928
28942
28952
28962
28978
28992
29000
29000
29000
29002
29002
29008
29010
29010
29010
29012
29033
29037
29044
29061
29063
29063
29065
29078
29094
29111
29123
29125
29139
29149
29154
29161
29171
29192
29196
29206
29224
29239
29250
29266
29274
29291
29302
29315
29326
29339
29346
29354
29358
29358
29358
29358
29368
29372
29378
29381
29381
29385
29397
29399
29406
29416
29425
29437
29456
29477
29479
29479
29485
29493
29498
29500
29504
29515
29521
29525
29525
29541
29558
29560
29572
29576
29582
29588
29596
29598
29598
29600
29617
29641
29643
29643
29647
29652
29662
29667
29673
29682
29686
29694
29703
29718
29730
29730
29730
29730
29730
29732
29732
29732
29732
29732
29743
29743
29745
29751
29751
29751
29751
29753
29760
29764
29774
29774
29778
29780
29780
29780
29783
29790
29790
29799
29813
29813
29819
29823
29823
29827
29829
29833
29835
29844
29848
29850
29850
29850
29850
29850
29852
29852
29854
29854
29854
29856
29866
29866
29868
29871
29871
29877
29892
29900
29900
29900
29900
29902
29905
29905
29907
29911
29911
29911
29911
29919
29931
29931
29937
29937
29939
29939
29941
29941
29941
29941
29952
29961
29961
29961
29961
29963
29965
29965
29965
29965
29967
29967
29972
29972
29972
29972
29972
29972
29972
29972
29972
29972
29972
29972
29974
29974
29974
29974
29974
29974
29974
29974
29974
29974
29974
29974
29976
29976
29976
29976
29976
29976
29976
29976
29984
29984
29984
29984
29984
29984
29984
29984
29984
29984
29984
29984
29984
29984
29984
29984
29984
29984
29984
29984
29984
29984
29984
29984
29984
29987
29987
29987
29989
29996
29996
29996
29996
29996
29996
29996
29996
29996
29996
29996
29996
29996
29996
29996
29996
29996
29996
29996
29996
29996
29996
29996
29998
29998
29998
29998
29998
29998
29998
29998
30000
30000
30000
30000
30000
30000
30000
30000
30000
30000
30000
30000
30000
30000
30000
30000
30000
30000
30000
30000
30000
30000
30000
30000
30000
30000
30000
30000
30000
30000
30000
30000
30000
30000
30000
30000
30000
30000
30000
30000
30000
30000
30000
30000
30000
30000
30000
30000
30000
30000
30000
30000
30000
30000
30000
30000
30000
30000
30000
30000
30000
30000
30000
30000
30000
30000
30000
30000
30000
30000
30000
30000
30000
30000
30000
30000
30000
30000
30000
30000
30000
30000
30000
30000
30000
30000
30000
30000
30000
30000
30000
30000
30000
30000
30000
30000
30000
30000
30000
30000
30000
30000
30000
30000
30000
30000
30000
30000
30000
30000
30000
30000
30000
30000
30000
30000
30000
30000
30000
30000
30000
30000
30000
30000
30000
30000
30000
30000
30000
30000
30000
30000
30000
30000
30000
30000
30000
30000
30000
30000
30000
30000
30000
30000
30000
30000
30000
30000
30000
30000
30000
30000
30000
30000
30000
30000
30000
30000
30000
30000
30000
30000
30000
30000
30000
30000
30000
30000
30000
30000
30000
30000
30000
30000
30000
30000
30000
30000
30000
30000
30000
30000
30000
30000
30000
30000
30000
30000
30000
30000
30000
30000
30000
30000
30000
30000
30000
30000
30000
30000
30000
30000
30000
30000
30000
30000
30000
30000
30000
30000
30000
30000
30000
30000
30000
30000
30000
30000
30000
30000
30000
30000
30000
30000
30000
30000
30000
30000
30000
30000
30000
30000
30000
30000
30000
30000
30000
30000
30000
30000
30000
30000
30000
30000
30000
30000
30000
30000
30000
30000
30000
30000
30000
30000
30000
30000
30000
30000
30000
30000
30000
30000
30000
30000
30000
30000
30000
30000
30000
30000
30000
30000
30000
30000
30000
30000
30000
30000
30000
30000
30000
30000
30000
30000
30000
30000
30000
30000
30000
30000
30000
30000
30000
30000
30000
30000
30000
30000
30000
30000
30000
30000
30000
30000
30000
30000
30000
30000
30000
30000
30000
30000
30000
30000
30000
30000
30000
30000
30000
30000
30000
30000
30000
30000
30000
30000
30000
30000
30000
30000
30000
30000
30000
30000
30000
30000
30000
30000
30000
30000
30000
30000
30000
30000
30000
30000
30000
30000
30000
30000
30000
30000
30000
30000
30000
30000
30000
30000
30000
30000
30000
30000
30000
30000
30000
30000
30000
30000
30000
30000
30000
30000
30000
30000
30000
30000
30000
30000
30000
30000
30000
30000
30000
30000
30000
30000
30000
30000
30000
30000
30000
30000
30000
30000
30000
30000
30000
30000
30000
30000
30000
30000
30000
30000
30000
30000
30000
30000
30000
30000
30000
30000
30000
30000
30000
30000
30000
30000
30000
30000
30000
30000
30000
30000
30000
30000
30000
30000
30000
30000
30000
30000
30000
30000
30000
30000
30000
30000
30000
30000
30000
30000
30000
30000
30000
30000
30000
30000
30000
30000
30000
30000
30000
30000
30000
30000
30000
30000
30000
30000
30000
30000
30000
30000
30000
30000
30000
30000
30000
30000
30000
30000
30000
30000
30000
30000
30000
30000
30000
30000
30000
30000
30000
30000
30000
30000
30000
30000
30000
30000
30000
30000
30000
30000
30000
30000
30000
30000
30000
30000
30000
30000
30000
30000
30000
30000
30000
30000
30000
30000
30000
30000
30000
30000
30000
30000
30000
30000
30000
30000
30000
30000
30000
30000
30000
30000
30000
30000
30000
30000
30000
30000
30000
30000
30000
30000
30000
30000
30000
30000
30000
30000
30000
30000
30000
30000
30000
30000
30000
30000
30000
30000
30000
30000
30000
30000
30000
30000
30000
30000
30000
30000
30000
30000
30000
30000
30000
30000
30000
30000
30000
30000
30000
30000
30000
30000
30000
30000
30000
30000
30000
30000
30000
30000
30000
30000
30000
30000
30000
30000
30000
30000
30000
30000
30000
30000
30000
30000
30000
30000
30000
30000
30000
30000
30000
30000
30000
30000
30000
30000
30000
30000
30000
30000
30000
30000
30000
30000
30000
30000
30000
30000
30000
30000
30000
30000
30000
30000
30000
30000
30000
30000
30000
30000
30000
30000
30000
30000
30000
30000
30000
30000
30000
30000
30000
30000
30000
30000
30000
30000
30000
30000
30000
30000
30000
30000
30000
30000
30000
30000
30000
30000
30000
30000
30000
30000
30000
30000
30000
30000
30000
30000
30000
30000
30000
30000
30000
30000
30000
30000
30000
30000
30000
30000
30000
30000
30000
30000
30000
30000
30000
30000
30000
30000
30000
30000
30000
30000
30000
30000
30000
30000
30000
30000
30000
30000
30000
30000
30000
30000
30000
30000
30000
30000
30000
30000
30000
30000
30000
30000
30000
30000
30000
30000
30000
30000
30000
30000
30000
30000
30000
30000
30000
30000
30000
30000
30000
30000
30000
30000
30000
30000
30000
30000
30000
30000
30000
30000
30000
30000
30000
30000
30000
30000
30000
30000
30000
30000
30000
30000
30000
30000
30000
30000
30000
30000
30000
30000
30000
30000
30000
30000
30000
30000
30000
30000
30000
30000
30000
30000
30000
30000
30000
30000
30000
30000
30000
30000
30000
30000
30000
30000
30000
30000
30000
30000
30000
30000
30000
30000
30000
30000
30000
30000
30000
30000
30000
30000
30000
30000
30000
30000
30000
30000
30000
30000
30000
30000
30000
30000
30000
30000
30000
30000
30000
30000
30000
30000
30000
30000
30000
30000
30000
30000
30000
30000
30000
30000
30000
30000
30000
30000
30000
30000
30000
30000
30000
30000
30000
30000
30000
30000
30000
30000
30000
30000
30000
30000
30000
30000
30000
30000
30000
30000
30000
30000
30000
30000
30000
30000
30000
30000
30000
30000
30000
30000
30000
30000
30000
30000
30000
30000
30000
30000
30000
30000
30000
30000
30000
30000
30000
30000
30000
30000
30000
30000
30000
30000
30000
30000
30000
30000
30000
30000
30000
30000
30000
30000
30000
30000
30000
30000
30000
30000
30000
30000
30000
30000
30000
30000
30000
30000
30000
30000
30000
30000
30000
30000
30000
30000
30000
30000
30000
30000
30000
30000
30000
30000
30000
30000
30000
30000
30000
30000
30000
30000
30000
30000
30000
30000
30000
30000
30000
30000
30000
30000
30000
30000
30000
30000
30000
30000
30000
30000
30000
30000
30000
30000
30000
30000
30000
30000
30000
30000
30000
30000
30000
30000
30000
30000
30000
30000
30000
30000
30000
30000
30000
30000
30000
30000
30000
30000
30000
30000
30000
30000
30000
30000
30000
30000
30000
30000
30000
30000
30000
30000
30000
30000
30000
30000
30000
30000
30000
30000
30000
30000
30000
30000
30000
30000
30000
30000
30000
30000
30000
30000
30000
30000
30000
30000
30000
30000
30000
30000
30000
30000
30000
30000
30000
30000
30000
30000
30000
30000
30000
30000
30000
30000
30000
30000
30000
30000
30000
30000
30000
30000
30000
30000
30000
30000
30000
30000
30000
30000
30000
30000
30000
30000
30000
30000
30000
30000
30000
30000
30000
30000
30000
30000
30000
30000
30000
30000
30000
30000
30000
30000
30000
30000
30000
30000
30000
30000
30000
30000
30000
30000
30000
30000
30000
30000
30000
30000
30000
30000
30000
30000
30000
30000
30000
30000
30000
30000
30000
30000
30000
30000
30000
30000
30000
30000
30000
30000
30000
30000
30000
30000
30000
30000
30000
30000
30000
30000
30000
30000
30000
30000
30000
30000
30000
30000
30000
30000
30000
30000
30000
30000
30000
30000
30000
30000
30000
