0
0
0
0
0
0
0
0
0
0
0
0
0
0
0
0
1
1
2
2
2
2
3
4
4
4
5
5
5
5
5
6
7
8
9
11
12
12
13
14
17
18
19
19
21
24
24
25
27
31
32
33
35
37
37
39
39
40
41
43
45
48
52
58
61
64
66
67
68
72
73
75
79
81
84
87
91
94
96
96
99
104
105
106
110
111
113
117
120
124
129
131
136
141
143
147
153
158
163
165
172
176
179
183
187
197
202
205
213
217
228
233
238
243
249
256
261
264
270
277
281
287
293
296
301
304
307
315
320
326
331
334
339
348
353
359
366
370
379
385
388
395
402
410
420
431
437
443
450
461
473
480
490
502
512
524
532
540
551
563
573
586
595
607
620
628
639
649
657
666
674
683
691
699
711
720
724
736
744
758
773
782
792
800
813
822
832
842
851
856
868
875
878
890
897
903
918
930
945
954
966
978
991
1000
1014
1025
1036
1053
1066
1078
1088
1101
1111
1121
1134
1145
1159
1173
1183
1192
1200
1212
1226
1234
1251
1262
1275
1287
1301
1316
1326
1345
1365
1381
1392
1404
1414
1429
1443
1460
1469
1489
1503
1518
1530
1544
1557
1571
1584
1600
1613
1624
1641
1658
1677
1696
1706
1720
1736
1747
1760
1775
1792
1803
1818
1838
1853
1868
1889
1905
1922
1936
1952
1966
1984
1996
2005
2018
2033
2048
2067
2086
2095
2113
2127
2145
2161
2180
2201
2216
2226
2239
2254
2271
2287
2302
2316
2334
2353
2374
2387
2403
2417
2436
2454
2472
2490
2508
2528
2539
2560
2573
2594
2608
2624
2641
2654
2671
2691
2699
2712
2719
2734
2751
2767
2779
2798
2813
2831
2853
2875
2896
2908
2925
2940
2961
2973
2998
3013
3030
3048
3064
3076
3089
3109
3123
3138
3157
3180
3190
3214
3223
3237
3252
3269
3289
3307
3328
3348
3365
3386
3403
3425
3438
3455
3475
3491
3503
3526
3545
3558
3574
3591
3606
3623
3638
3656
3672
3692
3707
3722
3739
3758
3776
3797
3817
3839
3855
3874
3890
3904
3922
3944
3960
3981
4007
4027
4042
4059
4083
4105
4121
4137
4158
4172
4184
4202
4215
4236
4251
4265
4284
4309
4328
4348
4364
4383
4400
4417
4437
4453
4466
4487
4503
4521
4540
4552
4569
4587
4606
4624
4644
4665
4688
4702
4716
4730
4747
4761
4781
4801
4821
4843
4860
4882
4904
4924
4941
4968
4984
5001
5019
5034
5054
5078
5095
5108
5131
5144
5155
5174
5194
5214
5231
5251
5263
5278
5293
5309
5329
5348
5370
5389
5407
5421
5440
5460
5478
5501
5520
5536
5555
5573
5592
5609
5627
5644
5660
5676
5695
5710
5724
5740
5755
5771
5796
5813
5828
5837
5857
5876
5892
5907
5925
5946
5961
5986
6005
6017
6033
6046
6067
6085
6100
6120
6142
6160
6173
6192
6212
6227
6245
6266
6274
6297
6319
6335
6351
6370
6390
6407
6423
6441
6463
6481
6496
6517
6531
6549
6568
6578
6598
6618
6632
6644
6662
6680
6695
6714
6731
6749
6771
6792
6806
6828
6848
6863
6877
6895
6906
6933
6950
6963
6977
6994
7012
7028
7043
7059
7080
7095
7108
7126
7150
7165
7183
7200
7221
7241
7256
7274
7293
7306
7321
7342
7363
7376
7384
7404
7426
7442
7450
7460
7480
7501
7523
7540
7555
7575
7593
7614
7629
7647
7659
7678
7690
7711
7729
7742
7751
7769
7783
7796
7809
7820
7830
7849
7865
7880
7895
7902
7916
7932
7943
7964
7981
8003
8019
8039
8054
8069
8081
8091
8110
8122
8131
8150
8168
8187
8203
8217
8226
8239
8253
8272
8286
8297
8313
8324
8341
8356
8367
8378
8386
8403
8415
8425
8439
8451
8468
8478
8490
8509
8529
8541
8550
8562
8575
8590
8605
8615
8626
8641
8654
8664
8679
8687
8695
8710
8720
8730
8747
8760
8772
8785
8802
8814
8824
8835
8847
8858
8864
8880
8896
8912
8922
8935
8945
8957
8961
8971
8984
8997
9005
9017
9025
9036
9046
9052
9057
9067
9075
9092
9100
9114
9121
9135
9149
9154
9163
9174
9180
9189
9198
9205
9221
9230
9241
9254
9263
9271
9277
9288
9299
9305
9312
9319
9332
9343
9350
9358
9360
9369
9374
9381
9389
9395
9406
9414
9422
9431
9438
9445
9454
9468
9476
9482
9490
9494
9505
9513
9524
9532
9535
9539
9547
9552
9558
9561
9567
9571
9576
9581
9587
9593
9601
9606
9608
9609
9615
9621
9629
9640
9649
9659
9667
9672
9678
9682
9689
9695
9699
9706
9714
9716
9722
9733
9739
9741
9747
9753
9755
9756
9761
9764
9769
9770
9772
9777
9780
9782
9785
9789
9791
9793
9797
9800
9802
9804
9807
9811
9814
9816
9820
9822
9823
9825
9825
9826
9826
9831
9834
9838
9843
9845
9847
9851
9854
9857
9860
9866
9868
9871
9875
9875
9878
9882
9882
9887
9887
9889
9890
9893
9895
9897
9900
9904
9907
9907
9908
9912
9915
9920
9921
9922
9924
9926
9928
9931
9932
9934
9938
9939
9940
9942
9942
9947
9953
9956
9959
9960
9960
9963
9963
9963
9963
9968
9972
9977
9979
9979
9979
9980
9980
9982
9984
9984
9984
9985
9986
9986
9987
9987
9987
9988
9989
9991
9991
9991
9991
9991
9991
9991
9992
9992
9992
9992
9993
9993
9993
9993
9993
9993
9993
9993
9993
9993
9994
9995
9995
9995
9996
9998
9998
9998
9998
9998
9998
9998
9998
9998
9998
9998
9998
9999
9999
9999
9999
10000
10000
10000
10000
10000
10000
10000
10000
10000
10000
10000
10000
10000
10000
10000
10000
10000
10000
10000
10000
10000
10000
10000
10000
10000
10000
10000
10000
10000
10000
10000
10000
10000
10000
10000
10000
10000
10000
10000
10000
10000
10000
10000
10000
10000
10000
10000
10000
10000
10000
10000
10000
10000
10000
10000
10000
10000
10000
10000
10000
10000
10000
10000
10000
10000
10000
10000
10000
10000
10000
10000
10000
10000
10000
10000
10000
10000
10000
10000
10000
10000
10000
10000
10000
10000
10000
10000
10000
10000
10000
10000
10000
10000
10000
10000
10000
10000
10000
10000
10000
10000
10000
10000
10000
10000
10000
10000
10000
10000
10000
10000
10000
10000
10000
10000
10000
10000
10000
10000
10000
10000
10000
10000
10000
10000
10000
10000
10000
10000
10000
10000
10000
10000
10000
10000
10000
10000
10000
10000
10000
10000
10000
10000
10000
10000
10000
10000
10000
10000
10000
10000
10000
10000
10000
10000
10000
10000
10000
10000
10000
10000
10000
10000
10000
10000
10000
10000
10000
10000
10000
10000
10000
10000
10000
10000
10000
10000
10000
10000
10000
10000
10000
10000
10000
10000
10000
10000
10000
10000
10000
10000
10000
10000
10000
10000
10000
10000
10000
10000
10000
10000
10000
10000
10000
10000
10000
10000
10000
10000
10000
10000
10000
10000
10000
10000
10000
10000
10000
10000
10000
10000
10000
10000
10000
10000
10000
10000
10000
10000
10000
10000
10000
10000
10000
10000
10000
10000
10000
10000
10000
10000
10000
10000
10000
10000
10000
10000
10000
10000
10000
10000
10000
10000
10000
10000
10000
10000
10000
10000
10000
10000
10000
10000
10000
10000
10000
10000
10000
10000
10000
10000
10000
10000
10000
10000
10000
10000
10000
10000
10000
10000
10000
10000
10000
10000
10000
10000
10000
10000
10000
10000
10000
10000
10000
10000
10000
10000
10000
10000
10000
10000
10000
10000
10000
10000
10000
10000
10000
10000
10000
10000
10000
10000
10000
10000
10000
10000
10000
10000
10000
10000
10000
10000
10000
10000
10000
10000
10000
10000
10000
10000
10000
10000
10000
10000
10000
10000
10000
10000
10000
10000
10000
10000
10000
10000
10000
10000
10000
10000
10000
10000
10000
10000
10000
10000
10000
10000
10000
10000
10000
10000
10000
10000
10000
10000
10000
10000
10000
10000
10000
10000
10000
10000
10000
10000
10000
10000
10000
10000
10000
10000
10000
10000
10000
10000
10000
10000
10000
10000
10000
10000
10000
10000
10000
10000
10000
10000
10000
10000
10000
10000
10000
10000
10000
10000
10000
10000
10000
10000
10000
10000
10000
10000
10000
10000
10000
10000
10000
10000
10000
10000
10000
10000
10000
10000
10000
10000
10000
10000
10000
10000
10000
10000
10000
10000
10000
10000
10000
10000
10000
10000
10000
10000
10000
10000
10000
10000
10000
10000
10000
10000
10000
10000
10000
10000
10000
10000
10000
10000
10000
10000
10000
10000
10000
10000
10000
10000
10000
10000
10000
10000
10000
10000
10000
10000
10000
10000
10000
10000
10000
10000
10000
10000
10000
10000
10000
10000
10000
10000
10000
10000
10000
10000
10000
10000
10000
10000
10000
10000
10000
10000
10000
10000
10000
10000
10000
10000
10000
10000
10000
10000
10000
10000
10000
10000
10000
10000
10000
10000
10000
10000
10000
10000
10000
10000
10000
10000
10000
10000
10000
10000
10000
10000
10000
10000
10000
10000
10000
10000
10000
10000
10000
10000
10000
10000
10000
10000
10000
10000
10000
10000
10000
10000
10000
10000
10000
10000
10000
10000
10000
10000
10000
10000
10000
10000
10000
10000
10000
10000
10000
10000
10000
10000
10000
10000
10000
10000
10000
10000
10000
10000
10000
10000
10000
10000
10000
10000
10000
10000
10000
10000
10000
10000
10000
10000
10000
10000
10000
10000
10000
10000
10000
10000
10000
10000
10000
10000
10000
10000
10000
10000
10000
10000
10000
10000
10000
10000
10000
10000
10000
10000
10000
10000
10000
10000
10000
10000
10000
10000
10000
10000
10000
10000
10000
10000
10000
10000
10000
10000
10000
10000
10000
10000
10000
10000
10000
10000
10000
10000
10000
10000
10000
10000
10000
10000
10000
10000
10000
10000
10000
10000
10000
10000
10000
10000
10000
10000
10000
10000
10000
10000
10000
10000
10000
10000
10000
10000
10000
10000
10000
10000
10000
10000
10000
10000
10000
10000
10000
10000
10000
10000
10000
10000
10000
10000
10000
10000
10000
10000
10000
10000
10000
10000
10000
10000
10000
10000
10000
10000
10000
10000
10000
10000
10000
10000
10000
10000
10000
10000
10000
10000
10000
10000
10000
10000
10000
10000
10000
10000
10000
10000
10000
10000
10000
10000
10000
10000
10000
10000
10000
10000
10000
10000
10000
10000
10000
10000
10000
10000
10000
10000
10000
10000
10000
10000
10000
10000
10000
10000
10000
10000
10000
10000
10000
10000
10000
10000
10000
10000
10000
10000
10000
10000
10000
10000
10000
10000
10000
10000
10000
10000
10000
10000
10000
10000
10000
10000
10000
10000
10000
10000
10000
10000
10000
10000
10000
10000
10000
10000
10000
10000
10000
10000
10000
10000
10000
10000
10000
10000
10000
10000
10000
10000
10000
10000
10000
10000
10000
10000
10000
10000
10000
10000
10000
10000
10000
10000
10000
10000
10000
10000
10000
10000
10000
10000
10000
10000
10000
10000
10000
10000
10000
10000
10000
10000
10000
10000
10000
10000
10000
10000
10000
10000
10000
10000
10000
10000
10000
10000
10000
10000
10000
10000
10000
10000
10000
10000
10000
10000
10000
10000
10000
10000
10000
10000
10000
10000
10000
10000
10000
10000
10000
10000
10000
10000
10000
10000
10000
10000
10000
10000
10000
10000
10000
10000
10000
10000
10000
10000
10000
10000
10000
10000
10000
10000
10000
10000
10000
10000
10000
10000
10000
10000
10000
10000
10000
10000
10000
10000
10000
10000
10000
10000
10000
10000
10000
10000
10000
10000
10000
10000
10000
10000
10000
10000
10000
10000
10000
10000
10000
10000
10000
10000
10000
10000
10000
10000
10000
10000
10000
10000
10000
10000
10000
10000
10000
10000
10000
10000
10000
10000
10000
10000
10000
10000
10000
10000
10000
10000
10000
10000
10000
10000
10000
10000
10000
10000
10000
10000
10000
10000
10000
10000
10000
10000
10000
10000
10000
10000
10000
10000
10000
10000
10000
10000
10000
10000
10000
10000
10000
10000
10000
10000
10000
10000
10000
10000
10000
10000
10000
10000
10000
10000
10000
10000
10000
10000
10000
10000
10000
10000
10000
10000
10000
10000
10000
10000
10000
10000
10000
10000
10000
10000
10000
10000
10000
10000
10000
10000
10000
10000
10000
10000
10000
10000
10000
10000
10000
10000
10000
10000
10000
10000
10000
10000
10000
10000
10000
10000
10000
10000
10000
10000
10000
10000
10000
10000
10000
10000
10000
10000
10000
10000
10000
10000
10000
10000
10000
10000
10000
10000
10000
10000
10000
10000
10000
10000
10000
10000
10000
10000
10000
10000
10000
10000
10000
10000
10000
10000
10000
10000
10000
10000
10000
10000
10000
10000
10000
10000
10000
10000
10000
10000
10000
10000
10000
10000
10000
10000
10000
10000
10000
10000
10000
10000
10000
10000
10000
10000
10000
10000
10000
10000
10000
10000
10000
10000
10000
10000
10000
10000
10000
10000
10000
10000
10000
10000
10000
10000
10000
10000
10000
10000
10000
10000
10000
10000
10000
10000
10000
10000
10000
10000
10000
10000
10000
10000
10000
10000
10000
10000
10000
10000
10000
10000
10000
10000
10000
10000
10000
10000
10000
10000
10000
10000
10000
10000
10000
10000
10000
10000
10000
10000
10000
10000
10000
10000
10000
10000
10000
10000
10000
10000
10000
10000
10000
10000
10000
10000
10000
10000
10000
10000
10000
10000
10000
10000
10000
10000
10000
10000
10000
10000
10000
10000
10000
10000
10000
10000
10000
10000
10000
10000
10000
10000
10000
10000
10000
10000
10000
10000
10000
10000
10000
10000
10000
10000
10000
10000
10000
10000
10000
10000
10000
10000
10000
10000
10000
10000
10000
10000
10000
10000
10000
10000
10000
10000
10000
10000
10000
10000
10000
10000
10000
10000
10000
10000
10000
10000
10000
10000
10000
10000
10000
10000
10000
10000
10000
10000
10000
10000
10000
10000
10000
10000
10000
10000
10000
10000
10000
10000
10000
10000
10000
10000
10000
10000
10000
10000
10000
10000
10000
10000
10000
10000
10000
10000
10000
10000
10000
10000
10000
10000
10000
10000
10000
10000
10000
10000
10000
10000
10000
10000
10000
10000
10000
10000
10000
10000
10000
10000
10000
10000
10000
10000
10000
10000
10000
10000
10000
10000
10000
10000
10000
10000
10000
10000
10000
10000
10000
10000
10000
10000
10000
10000
10000
10000
10000
10000
10000
10000
10000
10000
10000
10000
10000
10000
10000
10000
10000
10000
10000
10000
10000
10000
10000
10000
10000
10000
10000
10000
10000
10000
10000
10000
10000
10000
10000
10000
10000
10000
10000
10000
10000
10000
10000
10000
10000
10000
10000
10000
10000
10000
10000
10000
10000
10000
10000
10000
10000
10000
10000
10000
10000
10000
10000
10000
10000
10000
10000
10000
10000
10000
10000
10000
10000
10000
10000
10000
10000
10000
10000
10000
10000
10000
10000
10000
10000
10000
10000
10000
10000
10000
10000
10000
10000
10000
10000
10000
10000
10000
10000
10000
10000
10000
10000
10000
10000
10000
10000
10000
10000
10000
10000
10000
10000
10000
10000
10000
10000
10000
10000
10000
10000
10000
10000
10000
10000
10000
10000
10000
10000
10000
10000
10000
10000
10000
10000
10000
10000
10000
10000
10000
10000
10000
10000
10000
10000
10000
10000
10000
10000
10000
10000
10000
10000
10000
10000
10000
10000
10000
10000
10000
10000
10000
10000
10000
10000
10000
10000
10000
10000
10000
10000
10000
10000
10000
10000
10000
10000
10000
10000
10000
10000
10000
10000
10000
10000
10000
10000
10000
10000
10000
10000
10000
10000
10000
10000
10000
10000
10000
10000
10000
10000
10000
10000
10000
10000
10000
10000
10000
10000
10000
10000
10000
10000
10000
10000
10000
10000
10000
10000
10000
10000
10000
10000
10000
10000
10000
10000
10000
10000
10000
10000
10000
10000
10000
10000
10000
10000
10000
10000
10000
10000
10000
10000
10000
10000
10000
10000
10000
10000
10000
10000
10000
10000
10000
10000
10000
10000
10000
10000
10000
10000
10000
10000
10000
10000
10000
10000
10000
10000
10000
10000
10000
10000
10000
10000
10000
10000
10000
10000
10000
10000
10000
10000
10000
10000
10000
10000
10000
10000
10000
10000
10000
10000
10000
10000
10000
10000
10000
10000
10000
10000
10000
10000
10000
10000
10000
10000
10000
10000
10000
10000
10000
10000
10000
10000
10000
10000
10000
10000
10000
10000
10000
10000
10000
10000
10000
10000
10000
10000
10000
10000
10000
10000
10000
10000
10000
10000
10000
10000
10000
10000
10000
10000
10000
10000
10000
10000
10000
10000
10000
10000
10000
10000
10000
10000
10000
10000
10000
10000
10000
10000
10000
10000
10000
10000
10000
10000
10000
10000
10000
10000
10000
10000
10000
10000
10000
10000
10000
10000
10000
10000
10000
10000
10000
10000
10000
10000
10000
10000
10000
10000
10000
10000
10000
10000
10000
10000
10000
10000
10000
10000
10000
10000
10000
10000
10000
10000
10000
10000
10000
10000
10000
10000
10000
10000
10000
10000
10000
10000
10000
10000
10000
10000
10000
10000
10000
10000
10000
10000
10000
10000
10000
10000
10000
10000
10000
10000
10000
10000
10000
10000
10000
10000
10000
10000
10000
10000
10000
10000
10000
10000
10000
10000
10000
10000
10000
10000
10000
10000
10000
10000
10000
10000
10000
10000
10000
10000
10000
10000
10000
10000
10000
10000
10000
10000
10000
10000
10000
10000
10000
10000
10000
10000
10000
10000
10000
10000
10000
10000
10000
10000
10000
10000
10000
10000
10000
10000
10000
10000
10000
10000
10000
10000
10000
10000
10000
10000
10000
10000
10000
10000
10000
10000
10000
10000
10000
10000
10000
10000
10000
10000
10000
10000
10000
10000
10000
10000
10000
10000
10000
10000
10000
10000
10000
10000
10000
10000
10000
10000
10000
10000
10000
10000
10000
10000
10000
10000
10000
10000
10000
10000
10000
10000
10000
10000
10000
10000
10000
10000
10000
10000
10000
10000
10000
10000
10000
10000
10000
10000
10000
10000
10000
10000
10000
10000
10000
10000
10000
10000
10000
10000
10000
10000
10000
10000
10000
10000
10000
10000
10000
10000
10000
10000
10000
10000
10000
10000
10000
10000
10000
10000
10000
10000
10000
10000
10000
10000
10000
10000
10000
10000
10000
10000
10000
10000
10000
10000
10000
10000
10000
10000
10000
10000
10000
10000
10000
10000
10000
10000
10000
10000
10000
10000
10000
10000
10000
10000
10000
10000
10000
10000
10000
10000
10000
10000
10000
10000
10000
10000
10000
10000
10000
10000
10000
10000
10000
10000
10000
10000
10000
10000
10000
10000
10000
10000
10000
10000
10000
10000
10000
10000
10000
10000
10000
10000
10000
10000
10000
10000
10000
10000
10000
10000
10000
10000
10000
10000
10000
