1
1
1
1
1
1
1
1
1
1
1
2
2
2
2
2
3
3
4
4
8
8
10
13
15
17
18
19
23
23
25
27
31
33
41
44
47
51
54
58
68
74
79
85
87
95
97
101
106
111
116
123
128
134
140
146
156
161
168
172
182
190
206
222
234
241
252
262
272
284
290
299
310
320
335
346
359
372
384
397
411
426
437
447
465
476
489
503
519
534
549
564
579
597
610
630
653
669
686
702
718
734
749
764
778
797
818
832
848
867
889
905
932
950
972
994
1012
1030
1052
1071
1089
1106
1126
1141
1161
1185
1204
1223
1246
1259
1279
1299
1321
1341
1359
1373
1394
1414
1437
1454
1477
1499
1518
1537
1557
1577
1603
1632
1647
1671
1693
1704
1721
1745
1774
1791
1816
1831
1852
1869
1892
1910
1925
1943
1966
1988
2011
2028
2047
2062
2085
2102
2125
2142
2164
2187
2204
2218
2241
2257
2277
2300
2322
2340
2359
2379
2401
2415
2442
2464
2485
2510
2530
2548
2569
2588
2610
2634
2649
2669
2689
2710
2728
2743
2758
2771
2798
2814
2828
2852
2874
2895
2915
2939
2961
2983
3006
3022
3046
3066
3083
3102
3119
3146
3163
3182
3200
3221
3237
3255
3275
3294
3310
3330
3348
3370
3388
3404
3414
3435
3457
3470
3491
3509
3531
3549
3573
3596
3618
3642
3663
3686
3708
3732
3755
3780
3798
3819
3843
3870
3890
3908
3927
3948
3974
4001
4017
4032
4052
4076
4093
4114
4135
4160
4175
4201
4217
4237
4263
4281
4291
4306
4331
4349
4369
4387
4409
4429
4449
4472
4490
4515
4537
4556
4576
4592
4608
4623
4641
4664
4682
4705
4728
4740
4762
4782
4799
4815
4840
4866
4887
4912
4931
4949
4963
4979
5000
5028
5050
5067
5088
5107
5127
5145
5163
5183
5200
5216
5227
5250
5267
5287
5306
5328
5346
5364
5388
5406
5428
5446
5468
5482
5501
5520
5544
5563
5580
5599
5617
5639
5652
5673
5690
5707
5722
5741
5760
5775
5801
5820
5836
5865
5890
5913
5927
5947
5965
5985
6006
6029
6046
6067
6092
6110
6129
6152
6175
6192
6210
6230
6248
6264
6281
6301
6322
6338
6354
6370
6384
6402
6428
6449
6465
6482
6506
6527
6542
6569
6590
6604
6621
6639
6656
6681
6708
6727
6745
6763
6785
6807
6834
6847
6866
6888
6909
6929
6953
6973
6994
7010
7027
7047
7072
7084
7105
7127
7148
7167
7190
7215
7234
7258
7275
7294
7311
7328
7348
7374
7394
7411
7431
7453
7473
7492
7512
7535
7555
7573
7586
7612
7629
7639
7654
7672
7696
7719
7745
7764
7783
7797
7819
7834
7851
7877
7905
7919
7937
7960
7976
7994
8018
8042
8065
8083
8105
8124
8139
8160
8189
8207
8226
8248
8270
8293
8317
8339
8353
8378
8397
8415
8433
8448
8474
8496
8513
8544
8562
8582
8606
8627
8644
8663
8690
8713
8732
8753
8772
8796
8820
8842
8853
8872
8896
8913
8939
8962
8979
9007
9027
9054
9072
9092
9114
9135
9153
9172
9190
9206
9226
9250
9274
9293
9315
9331
9348
9371
9391
9411
9433
9453
9474
9494
9515
9536
9556
9584
9605
9623
9645
9663
9685
9703
9716
9734
9757
9774
9796
9814
9841
9860
9885
9908
9934
9959
9979
9998
10018
10035
10054
10069
10086
10105
10122
10143
10158
10178
10188
10211
10230
10255
10275
10295
10308
10332
10350
10376
10399
10422
10441
10463
10488
10513
10537
10552
10573
10594
10613
10632
10656
10679
10693
10714
10730
10751
10767
10785
10805
10815
10837
10854
10873
10892
10914
10934
10959
10979
10993
11017
11039
11062
11071
11086
11108
11127
11142
11163
11183
11198
11218
11238
11255
11273
11301
11318
11342
11368
11394
11422
11445
11468
11485
11508
11531
11558
11585
11600
11619
11633
11652
11674
11696
11714
11734
11748
11768
11795
11814
11830
11845
11868
11887
11903
11923
11944
11965
11978
11997
12013
12036
12052
12076
12098
12110
12125
12143
12164
12180
12197
12221
12247
12263
12283
12304
12327
12350
12372
12391
12409
12432
12450
12475
12492
12516
12540
12563
12582
12596
12614
12635
12654
12673
12689
12709
12727
12752
12772
12787
12805
12823
12834
12854
12876
12903
12923
12944
12966
12986
13003
13022
13043
13065
13085
13106
13121
13144
13164
13184
13203
13229
13244
13264
13282
13302
13327
13343
13358
13378
13398
13417
13436
13456
13476
13505
13524
13546
13565
13584
13609
13631
13647
13666
13685
13703
13722
13745
13760
13775
13794
13817
13838
13862
13880
13900
13920
13942
13957
13979
14005
14023
14044
14069
14084
14101
14126
14148
14162
14185
14206
14223
14243
14260
14277
14294
14316
14332
14348
14368
14393
14412
14429
14449
14468
14487
14511
14531
14553
14569
14594
14613
14631
14656
14683
14710
14725
14751
14773
14792
14806
14825
14849
14875
14896
14922
14942
14964
14984
15007
15023
15042
15064
15078
15097
15118
15145
15162
15185
15199
15215
15234
15249
15264
15290
15309
15330
15353
15372
15394
15412
15431
15450
15470
15491
15509
15527
15549
15567
15591
15611
15627
15644
15672
15696
15715
15733
15755
15779
15804
15820
15841
15867
15893
15911
15926
15952
15971
15994
16023
16048
16068
16090
16104
16128
16149
16167
16189
16208
16225
16241
16265
16281
16305
16323
16340
16360
16381
16397
16416
16433
16459
16484
16506
16525
16545
16565
16585
16608
16631
16653
16670
16685
16711
16730
16751
16766
16789
16807
16823
16844
16865
16880
16900
16924
16946
16963
16985
17003
17019
17035
17056
17076
17092
17109
17127
17149
17169
17187
17205
17229
17246
17266
17278
17299
17318
17343
17365
17386
17406
17431
17451
17472
17500
17519
17541
17563
17587
17605
17625
17643
17662
17685
17701
17717
17736
17755
17777
17802
17826
17846
17869
17886
17905
17925
17948
17968
17992
18019
18036
18054
18077
18090
18114
18132
18156
18176
18193
18213
18229
18249
18268
18286
18306
18325
18344
18360
18384
18406
18423
18443
18467
18487
18510
18525
18543
18567
18587
18607
18627
18645
18663
18695
18715
18731
18749
18768
18789
18810
18826
18846
18865
18888
18906
18926
18938
18963
18981
18998
19016
19041
19063
19078
19095
19111
19129
19146
19168
19182
19203
19219
19240
19256
19278
19295
19316
19334
19354
19378
19397
19418
19434
19446
19466
19482
19506
19526
19544
19561
19579
19602
19619
19632
19654
19673
19697
19722
19740
19768
19789
19806
19827
19848
19868
19895
19912
19931
19952
19968
19990
20003
20025
20042
20061
20082
20105
20129
20155
20172
20194
20213
20227
20247
20263
20284
20304
20322
20342
20358
20376
20397
20412
20431
20451
20469
20491
20511
20535
20566
20589
20616
20628
20645
20662
20679
20698
20713
20732
20748
20762
20780
20805
20824
20846
20863
20880
20896
20914
20927
20951
20977
20993
21015
21038
21056
21079
21091
21113
21131
21147
21170
21187
21206
21226
21240
21256
21279
21304
21325
21346
21367
21388
21406
21426
21447
21472
21493
21511
21531
21558
21571
21589
21607
21630
21650
21669
21688
21714
21736
21753
21767
21784
21803
21820
21837
21855
21871
21886
21904
21931
21954
21978
21997
22018
22035
22057
22079
22098
22118
22133
22151
22166
22186
22202
22224
22242
22264
22281
22299
22323
22338
22355
22370
22384
22399
22416
22434
22453
22472
22489
22512
22526
22547
22566
22581
22596
22616
22638
22657
22678
22695
22707
22720
22736
22752
22773
22798
22815
22841
22866
22877
22896
22920
22940
22957
22973
22991
23011
23031
23047
23061
23079
23092
23110
23130
23147
23164
23179
23198
23211
23230
23248
23270
23297
23315
23340
23361
23385
23404
23424
23449
23472
23493
23519
23537
23555
23567
23581
23603
23623
23640
23651
23673
23690
23709
23726
23741
23767
23785
23804
23826
23850
23871
23895
23922
23940
23964
23984
24004
24026
24045
24063
24081
24097
24122
24142
24161
24182
24205
24224
24246
24266
24288
24311
24336
24356
24373
24390
24400
24423
24444
24463
24478
24492
24506
24528
24543
24566
24584
24604
24626
24648
24666
24683
24703
24725
24750
24767
24784
24804
24821
24842
24854
24878
24897
24917
24942
24962
24983
24998
25017
25041
25056
25075
25090
25109
25127
25147
25165
25186
25200
25222
25243
25266
25284
25301
25324
25344
25366
25387
25412
25429
25447
25469
25488
25510
25527
25545
25559
25581
25598
25621
25643
25669
25686
25708
25733
25758
25777
25790
25811
25838
25864
25881
25903
25921
25942
25959
25984
26002
26024
26047
26064
26086
26110
26128
26145
26173
26201
26223
26246
26267
26283
26305
26315
26335
26353
26375
26399
26421
26438
26463
26484
26500
26530
26545
26566
26589
26608
26625
26643
26664
26684
26704
26725
26742
26758
26782
26795
26815
26831
26851
26878
26901
26924
26942
26962
26976
26999
27016
27031
27049
27075
27091
27113
27130
27156
27175
27194
27219
27238
27251
27268
27288
27307
27330
27348
27364
27384
27401
27425
27441
27459
27480
27505
27524
27535
27554
27573
27587
27616
27633
27649
27672
27689
27706
27728
27747
27764
27784
27805
27832
27846
27866
27884
27903
27926
27948
27964
27990
28014
28038
28063
28081
28100
28124
28145
28170
28193
28215
28234
28258
28282
28303
28323
28343
28362
28384
28404
28419
28436
28456
28477
28498
28515
28531
28554
28576
28597
28614
28634
28660
28676
28696
28720
28740
28761
28787
28809
28831
28845
28861
28879
28896
28912
28932
28957
28974
28993
29015
29034
29055
29074
29092
29110
29128
29146
29165
29187
29216
29242
29260
29279
29299
29318
29340
29351
29373
29388
29404
29427
29451
29472
29496
29511
29531
29543
29559
29581
29598
29622
29643
29665
29684
29708
29729
29749
29774
29793
29813
29839
29860
29887
29909
29930
29946
29965
29987
30005
30021
30043
30069
30088
30106
30127
30148
30163
30182
30197
30216
30232
30252
30273
30298
30315
30336
30359
30385
30401
30419
30439
30456
30471
30496
30515
30531
30551
30565
30587
30606
30626
30646
30669
30687
30705
30724
30744
30764
30789
30805
30824
30847
30869
30889
30919
30934
30953
30976
30995
31013
31031
31048
31070
31089
31110
31136
31163
31174
31196
31223
31241
31257
31275
31300
31320
31339
31358
31378
31397
31425
31448
31467
31487
31504
31518
31549
31565
31585
31603
31624
31643
31659
31678
31702
31716
31733
31754
31773
31795
31812
31831
31854
31880
31904
31919
31935
31952
31970
31993
32014
32036
32060
32081
32104
32124
32145
32161
32183
32199
32223
32243
32260
32278
32294
32316
32338
32362
32383
32402
32419
32433
32450
32469
32484
32502
32519
32540
32562
32585
32608
32622
32645
32666
32687
32709
32735
32747
32764
32780
32803
32827
32847
32864
32881
32904
32919
32944
32960
32979
33000
33025
33046
33063
33083
33096
33115
33133
33153
33170
33191
33207
33226
33243
33264
33288
33307
33335
33353
33375
33393
33418
33435
33451
33470
33487
33507
33531
33555
33568
33590
33614
33641
33659
33676
33699
33711
33735
33754
33779
33794
33813
33835
33858
33873
33891
33912
33931
33956
33975
33989
34007
34023
34045
34061
34076
34102
34120
34139
34158
34183
34204
34222
34243
34262
34286
34304
34321
34341
34353
34375
34390
34408
34423
34446
34467
34493
34510
34528
34555
34573
34598
34624
34646
34662
34682
34702
34723
34749
34765
34783
34803
34821
34845
34861
34881
34903
34919
34936
34959
34979
35000
35021
35041
35064
35077
35098
35117
35140
35156
35175
35200
35218
35236
35254
35276
35298
35324
35341
35362
35383
35408
35432
35450
35469
35490
35513
35536
35558
35582
35601
35621
35641
35665
35681
35706
35730
35748
35769
35782
35801
35822
35837
35859
35873
35892
35915
35935
35955
35967
35979
36000
36018
36036
36056
36074
36093
36115
36136
36166
36185
36210
36229
36246
36271
36289
36313
36332
36349
36380
36400
36420
36442
36460
36482
36502
36520
36545
36561
36586
36610
36644
36667
36687
36700
36721
36746
36763
36785
36815
36837
36857
36876
36897
36915
36933
36954
36974
36998
37023
37043
37063
37078
37097
37116
37137
37153
37173
37195
37214
37233
37255
37278
37300
37324
37342
37362
37376
37391
37411
37436
37464
37479
37510
37533
37549
37567
37590
37607
37632
37654
37680
37701
37727
37751
37770
37785
37804
37822
37841
37862
37881
37904
37923
37943
37962
37980
37999
38018
38037
38056
38072
38094
38115
38137
38156
38176
38198
38212
38231
38255
38281
38299
38328
38350
38368
38393
38409
38434
38450
38464
38488
38511
38531
38554
38571
38588
38612
38633
38652
38671
38686
38703
38728
38751
38766
38783
38798
38825
38847
38865
38886
38902
38919
38941
38962
38986
39014
39035
39053
39082
39102
39122
39145
39163
39186
39214
39233
39248
39268
39291
39312
39329
39351
39365
39385
39395
39427
39454
39474
39497
39515
39541
39557
39574
39592
39615
39636
39655
39675
39692
39711
39732
39754
39773
39793
39814
39837
39856
39882
39907
39923
39940
39957
39976
39999
40014
40033
40057
40081
40100
40113
40136
40160
40173
40190
40209
40226
40248
40269
40293
40309
40333
40350
40366
40384
40400
40424
40446
40466
40481
40496
40512
40526
40547
40563
40583
40599
40621
40632
40651
40670
40695
40710
40728
40747
40766
40784
40805
40822
40845
40868
40885
40903
40919
40940
40963
40980
41004
41028
41053
41077
41096
41115
41135
41150
41161
41184
41202
41217
41240
41261
41278
41291
41312
41335
41356
41374
41399
41423
41444
41469
41493
41519
41533
41553
41579
41598
41619
41639
41659
41685
41705
41724
41743
41760
41771
41799
41818
41843
41867
41889
41910
41934
41946
41964
41983
42007
42028
42049
42067
42088
42113
42139
42164
42188
42210
42231
42251
42265
42284
42306
42324
42351
42368
42392
42417
42435
42452
42469
42488
42509
42530
42555
42573
42592
42611
42630
42647
42668
42685
42709
42729
42751
42767
42784
42806
42823
42836
42861
42880
42895
42915
42934
42950
42976
42997
43021
43042
43061
43072
43095
43112
43131
43150
43168
43192
43212
43236
43260
43287
43307
43324
43343
43370
43389
43409
43428
43446
43469
43487
43506
43522
43549
43569
43589
43613
43627
43651
43675
43699
43723
43747
43766
43783
43795
43819
43835
43852
43873
43899
43914
43929
43950
43977
43997
44022
44045
44062
44087
44109
44132
44151
44168
44185
44206
44226
44243
44265
44284
44302
44321
44337
44357
44380
44405
44426
44453
44467
44489
44509
44533
44557
44576
44598
44626
44643
44660
44674
44693
44714
44732
44748
44764
44789
44804
44825
44840
44862
44883
44902
44927
44949
44963
44984
45003
45021
45045
45047
45069
45089
45106
45125
45147
45164
45179
45197
45220
45241
45257
45275
45288
45308
45327
45333
45343
45353
45369
45382
45398
45414
45428
45448
45472
45492
45511
45529
45545
45566
45587
45618
45645
45668
45688
45711
45728
45749
45773
45795
45810
45830
45845
45858
45875
45898
45918
45938
45951
45966
45987
46007
46030
46044
46058
46077
46096
46116
46136
46158
46180
46203
46216
46239
46257
46272
46293
46318
46343
46361
46390
46411
46432
46444
46460
46474
46478
46498
46518
46523
46540
46559
46579
46602
46619
46642
46663
46678
46701
46720
46740
46756
46781
46796
46818
46824
46844
46861
46886
46894
46903
46928
46946
46966
46984
47002
47027
47043
47059
47071
47089
47093
47097
47103
47113
47120
47139
47159
47181
47188
47206
47232
47255
47278
47296
47317
47333
47348
47370
47385
47398
47417
47439
47452
47468
47487
47506
47517
47530
47553
47572
47592
47613
47630
47651
47665
47683
47704
47710
47719
47732
47753
47757
47779
47795
47810
47831
47855
47881
47887
47906
47932
47941
47957
47975
47983
47992
48011
48030
48046
48056
48058
48073
48079
48091
48091
48113
48140
48161
48172
48192
48215
48238
48265
48267
48279
48285
48306
48321
48333
48341
48341
48356
48371
48387
48391
48398
48416
48418
48434
48446
48462
48475
48480
48493
48499
48512
48512
48512
48512
48514
48517
48525
48533
48551
48551
48561
48573
48594
48604
48614
48628
48628
48648
48662
48664
48674
48680
48699
48699
48713
48724
48740
48745
48754
48773
48792
48805
48824
48839
48865
48886
48910
48921
48923
48923
48923
48934
48934
48946
48948
48948
48956
48972
48978
48980
48996
49012
49014
49019
49040
49040
49042
49057
49074
49089
49093
49093
49093
49093
49112
49112
49127
49141
49161
49163
49185
49209
49226
49250
49250
49252
49252
49265
49281
49291
49291
49291
49304
49310
49316
49316
49316
49325
49325
49341
49343
49352
49356
49358
49362
49362
49372
49372
49372
49372
49372
49372
49374
49378
49380
49380
49386
49392
49412
49420
49432
49455
49455
49461
49466
49468
49470
49480
49487
49487
49498
49502
49510
49514
49514
49531
49544
49552
49554
49560
49580
49597
49613
49621
49621
49621
49621
49631
49631
49637
49637
49637
49637
49637
49639
49639
49652
49654
49654
49654
49671
49671
49671
49673
49692
49698
49698
49698
49698
49698
49709
49709
49713
49721
49733
49733
49745
49745
49754
49762
49762
49764
49764
49770
49785
49787
49787
49787
49787
49789
49789
49789
49789
49795
49795
49799
49801
49801
49801
49801
49801
49801
49803
49803
49803
49803
49803
49803
49803
49803
49803
49803
49803
49803
49809
49813
49813
49830
49830
49830
49832
49832
49832
49834
49842
49842
49850
49850
49850
49850
49850
49864
49866
49871
49871
49871
49881
49890
49894
49896
49896
49896
49896
49898
49898
49900
49900
49900
49900
49900
49902
49902
49904
49904
49904
49904
49911
49911
49911
49911
49919
49919
49919
49919
49919
49919
49919
49919
49919
49923
49925
49925
49934
49934
49936
49936
49936
49936
49936
49936
49942
49942
49942
49942
49944
49946
49946
49946
49946
49950
49950
49950
49950
49950
49950
49950
49950
49950
49950
49950
49950
49950
49950
49950
49950
49950
49950
49950
49950
49950
49954
49954
49954
49964
49964
49964
49964
49964
49964
49964
49964
49964
49964
49964
49964
49964
49964
49972
49972
49974
49974
49974
49976
49984
49984
49984
49984
49984
49984
49984
49984
49986
49986
49986
49986
49986
49986
49986
49986
49986
49986
49986
49988
49988
49988
49988
49988
49988
49988
49988
49988
49988
49988
49988
49988
49988
49988
49988
49990
49990
49990
49990
49990
49990
49990
49990
49992
49992
49992
49992
49992
49992
49992
49992
49992
49992
49992
49992
49992
49992
49992
49992
49992
49992
49992
49992
49992
49992
49992
49992
49992
49992
49992
49992
49992
49992
49994
49994
49994
50000
50000
50000
50000
50000
50000
50000
50000
50000
50000
50000
50000
50000
50000
50000
50000
50000
50000
50000
50000
50000
50000
50000
50000
50000
50000
50000
50000
50000
50000
50000
50000
50000
50000
50000
50000
50000
50000
50000
50000
50000
50000
50000
50000
50000
50000
50000
50000
50000
50000
50000
50000
50000
50000
50000
50000
50000
50000
50000
50000
50000
50000
50000
50000
50000
50000
50000
50000
50000
